Step,Performance,Game Manager Index,Best Route Energy,Curriculum Step,Target Route Energy,Efficiency,Improvement,Gap,Action_0,Action_1,Action_2,Action_3,Action_4,Action_5,Action_6,Action_7,Action_8,Action_9,Action_10
8192,759911.6441777536,1,inf,0,0,inf,0.0,0.0,0.094482421875,0.0916748046875,0.0909423828125,0.0877685546875,0.0858154296875,0.08837890625,0.0972900390625,0.0885009765625,0.0867919921875,0.0960693359375,0.09228515625
16384,0.0,2,inf,0,0,inf,0.0,0.0,0.09375,0.0869140625,0.084228515625,0.0968017578125,0.0909423828125,0.088134765625,0.08447265625,0.091796875,0.0887451171875,0.0919189453125,0.102294921875
24576,759917.8258816972,2,inf,0,0,inf,0.0,0.0,0.0928955078125,0.09033203125,0.0826416015625,0.1026611328125,0.09130859375,0.086669921875,0.087158203125,0.093994140625,0.0845947265625,0.0938720703125,0.0938720703125
32768,0.0,3,inf,0,0,inf,0.0,0.0,0.0875244140625,0.0838623046875,0.086669921875,0.0897216796875,0.0919189453125,0.085205078125,0.094482421875,0.0972900390625,0.09130859375,0.0950927734375,0.096923828125
40960,759943.6829100181,3,inf,0,0,inf,0.0,0.0,0.0775146484375,0.0843505859375,0.080810546875,0.0963134765625,0.0863037109375,0.082275390625,0.0987548828125,0.0936279296875,0.092529296875,0.1063232421875,0.1011962890625
49152,0.0,4,inf,0,0,inf,0.0,0.0,0.0791015625,0.0882568359375,0.084228515625,0.095947265625,0.0799560546875,0.0859375,0.0955810546875,0.093505859375,0.080078125,0.106201171875,0.1112060546875
57344,759922.369730994,4,inf,0,0,inf,0.0,0.0,0.0860595703125,0.0875244140625,0.08837890625,0.093505859375,0.0809326171875,0.0826416015625,0.1038818359375,0.09423828125,0.0799560546875,0.1058349609375,0.0970458984375
65536,0.0,170,inf,0,6,inf,0.0,0.0,0.0921630859375,0.0762939453125,0.0860595703125,0.0947265625,0.082275390625,0.090576171875,0.1097412109375,0.0802001953125,0.0726318359375,0.1103515625,0.10498046875
73728,759949.1639614891,170,1249.0,0,6,1249.0,-0.5428342674139311,207.16666666666666,0.0933837890625,0.08056640625,0.0863037109375,0.0963134765625,0.0870361328125,0.0958251953125,0.0899658203125,0.084228515625,0.0787353515625,0.1044921875,0.1031494140625
81920,0.0,171,1249.0,0,6,1249.0,-0.5428342674139311,207.16666666666666,0.0831298828125,0.077392578125,0.08935546875,0.1015625,0.08935546875,0.09423828125,0.0970458984375,0.07861328125,0.0770263671875,0.1055908203125,0.106689453125
90112,759954.4812799796,171,619.0,0,6,619.0,-0.07754442649434574,102.16666666666667,0.0860595703125,0.0831298828125,0.0849609375,0.0941162109375,0.0966796875,0.0889892578125,0.0972900390625,0.08935546875,0.0770263671875,0.1007080078125,0.1016845703125
98304,0.0,172,619.0,0,6,619.0,-0.07754442649434574,102.16666666666667,0.0804443359375,0.0811767578125,0.09228515625,0.099609375,0.0921630859375,0.0977783203125,0.1060791015625,0.082763671875,0.0732421875,0.096435546875,0.0980224609375
106496,759922.3095249445,172,910.0,0,6,910.0,-0.37252747252747254,150.66666666666666,0.0848388671875,0.099853515625,0.083740234375,0.0924072265625,0.09326171875,0.0908203125,0.1029052734375,0.0816650390625,0.075927734375,0.0906982421875,0.1038818359375
114688,0.0,173,910.0,0,6,910.0,-0.37252747252747254,150.66666666666666,0.0802001953125,0.0872802734375,0.0860595703125,0.09228515625,0.09716796875,0.0931396484375,0.100341796875,0.0823974609375,0.073486328125,0.0963134765625,0.111328125
122880,759912.7960928237,173,840.0,0,6,840.0,-0.32023809523809527,139.0,0.081787109375,0.089111328125,0.081298828125,0.083984375,0.09521484375,0.0972900390625,0.1051025390625,0.084228515625,0.0697021484375,0.099853515625,0.1124267578125
131072,0.0,226,840.0,0,7,840.0,-0.32023809523809527,139.0,0.0843505859375,0.085205078125,0.078125,0.0926513671875,0.0968017578125,0.100830078125,0.10400390625,0.08447265625,0.0672607421875,0.097412109375,0.10888671875
139264,759922.6239902965,226,1086.0,0,7,1086.0,-0.47421731123388583,154.14285714285714,0.083251953125,0.091796875,0.0831298828125,0.09130859375,0.083251953125,0.095458984375,0.1085205078125,0.0771484375,0.057373046875,0.1058349609375,0.1229248046875
147456,0.0,227,1086.0,0,8,1086.0,-0.47421731123388583,154.14285714285714,0.0869140625,0.0814208984375,0.07568359375,0.0836181640625,0.0916748046875,0.0968017578125,0.107666015625,0.078125,0.0625,0.11181640625,0.123779296875
155648,759942.6270627363,227,5019.0,0,8,5019.0,-0.8862323171946602,626.375,0.08740234375,0.076171875,0.0753173828125,0.0924072265625,0.082763671875,0.1038818359375,0.1077880859375,0.0810546875,0.06103515625,0.11083984375,0.121337890625
163840,0.0,228,5019.0,0,8,5019.0,-0.8862323171946602,626.375,0.084228515625,0.080322265625,0.071533203125,0.0889892578125,0.0850830078125,0.1007080078125,0.0999755859375,0.084716796875,0.0660400390625,0.112060546875,0.1263427734375
172032,759928.5555250545,228,5493.0,0,8,5493.0,-0.8960495175678136,685.625,0.089599609375,0.0877685546875,0.075439453125,0.0833740234375,0.082275390625,0.09814453125,0.0919189453125,0.087890625,0.0601806640625,0.1187744140625,0.1246337890625
180224,0.0,229,5493.0,0,8,5493.0,-0.8960495175678136,685.625,0.0850830078125,0.0826416015625,0.0799560546875,0.0809326171875,0.0924072265625,0.0987548828125,0.09765625,0.08642578125,0.061767578125,0.11328125,0.12109375
188416,759936.6022076461,229,3537.0,0,8,3537.0,-0.838563754594289,441.125,0.0914306640625,0.082275390625,0.083251953125,0.07958984375,0.087646484375,0.101318359375,0.0909423828125,0.09765625,0.0665283203125,0.104736328125,0.1146240234375
196608,0.0,229,3537.0,0,8,3537.0,-0.838563754594289,441.125,0.092041015625,0.0771484375,0.0782470703125,0.0809326171875,0.0836181640625,0.1004638671875,0.1046142578125,0.095947265625,0.060791015625,0.10498046875,0.1212158203125
204800,759936.6632105183,229,1482.0,0,8,1482.0,-0.6147098515519569,184.25,0.0921630859375,0.0814208984375,0.0787353515625,0.0789794921875,0.0810546875,0.1064453125,0.1082763671875,0.0845947265625,0.0657958984375,0.1009521484375,0.12158203125
212992,0.0,230,1482.0,0,8,1482.0,-0.6147098515519569,184.25,0.0880126953125,0.077880859375,0.08203125,0.08056640625,0.0777587890625,0.1036376953125,0.106689453125,0.0914306640625,0.0535888671875,0.1031494140625,0.13525390625
221184,759954.2924043459,230,2052.0,0,8,2052.0,-0.7217348927875243,255.5,0.0909423828125,0.073486328125,0.0784912109375,0.0843505859375,0.08154296875,0.1009521484375,0.1051025390625,0.09228515625,0.05712890625,0.0955810546875,0.14013671875
229376,0.0,231,2052.0,0,8,2052.0,-0.7217348927875243,255.5,0.0906982421875,0.0771484375,0.076904296875,0.08935546875,0.0814208984375,0.10888671875,0.1053466796875,0.091552734375,0.05859375,0.09423828125,0.1258544921875
237568,759952.8428348299,231,1620.0,0,8,1620.0,-0.6475308641975309,201.5,0.0819091796875,0.0745849609375,0.08203125,0.0863037109375,0.08154296875,0.1083984375,0.111083984375,0.0938720703125,0.0587158203125,0.09130859375,0.1302490234375
245760,0.0,232,1620.0,0,8,1620.0,-0.6475308641975309,201.5,0.093017578125,0.0767822265625,0.0828857421875,0.090087890625,0.080810546875,0.101806640625,0.0980224609375,0.09619140625,0.05908203125,0.082763671875,0.1385498046875
253952,759927.1107486434,232,5508.0,0,8,5508.0,-0.8963326071169209,687.5,0.09033203125,0.07177734375,0.0828857421875,0.085693359375,0.0784912109375,0.09716796875,0.108642578125,0.10205078125,0.0594482421875,0.085693359375,0.1378173828125
262144,0.0,363,5508.0,0,10,5508.0,-0.8963326071169209,687.5,0.081787109375,0.067138671875,0.0880126953125,0.0848388671875,0.075927734375,0.104248046875,0.109130859375,0.1019287109375,0.057373046875,0.0855712890625,0.14404296875
270336,759964.2331044462,363,8297.0,0,10,8297.0,-0.9311799445582741,828.7,0.0916748046875,0.06640625,0.0771484375,0.0911865234375,0.083251953125,0.1044921875,0.1136474609375,0.0986328125,0.0574951171875,0.07861328125,0.137451171875
278528,0.0,364,8297.0,0,10,8297.0,-0.9311799445582741,828.7,0.094482421875,0.0660400390625,0.0740966796875,0.0911865234375,0.0845947265625,0.114990234375,0.1077880859375,0.0970458984375,0.051025390625,0.0716552734375,0.1470947265625
286720,759927.8623482492,364,3583.0,0,10,3583.0,-0.8406363382640245,357.3,0.0916748046875,0.07177734375,0.080078125,0.095458984375,0.0816650390625,0.108642578125,0.10888671875,0.1024169921875,0.04833984375,0.0753173828125,0.1357421875
294912,0.0,365,3583.0,0,10,3583.0,-0.8406363382640245,357.3,0.0892333984375,0.069091796875,0.0765380859375,0.0986328125,0.087646484375,0.1015625,0.10498046875,0.1043701171875,0.0478515625,0.07373046875,0.1463623046875
303104,759942.1732111439,365,1533.0,0,10,1533.0,-0.6275277234181345,152.3,0.0849609375,0.06982421875,0.07666015625,0.0997314453125,0.0791015625,0.10107421875,0.1109619140625,0.1055908203125,0.052490234375,0.073974609375,0.1456298828125
311296,0.0,366,1533.0,0,10,1533.0,-0.6275277234181345,152.3,0.099365234375,0.069580078125,0.0775146484375,0.094482421875,0.0831298828125,0.103515625,0.101318359375,0.1021728515625,0.0511474609375,0.08154296875,0.13623046875
319488,759927.3785875975,366,8278.0,0,10,8278.0,-0.9310219859869534,826.8,0.0966796875,0.0679931640625,0.0830078125,0.094970703125,0.073974609375,0.1080322265625,0.1107177734375,0.099853515625,0.05078125,0.07177734375,0.1422119140625
327680,0.0,460,8278.0,0,11,8278.0,-0.9310219859869534,826.8,0.0909423828125,0.062255859375,0.0802001953125,0.1053466796875,0.07177734375,0.0972900390625,0.1175537109375,0.103759765625,0.0521240234375,0.0672607421875,0.1514892578125
335872,759942.0614501444,460,703.0,0,11,703.0,-0.1877667140825036,62.90909090909091,0.0914306640625,0.07470703125,0.0833740234375,0.1036376953125,0.0662841796875,0.0941162109375,0.1209716796875,0.09716796875,0.047607421875,0.0712890625,0.1494140625
344064,0.0,461,703.0,0,11,703.0,-0.1877667140825036,62.90909090909091,0.0855712890625,0.075439453125,0.0780029296875,0.109130859375,0.0665283203125,0.102294921875,0.12060546875,0.10400390625,0.0426025390625,0.0716552734375,0.1441650390625
352256,759844.59327818,461,8868.0,0,11,8868.0,-0.9356111862877763,805.1818181818181,0.0992431640625,0.0733642578125,0.074462890625,0.1077880859375,0.0694580078125,0.0994873046875,0.130126953125,0.089599609375,0.04638671875,0.068359375,0.1417236328125
360448,0.0,462,8868.0,0,11,8868.0,-0.9356111862877763,805.1818181818181,0.0849609375,0.0740966796875,0.0794677734375,0.1124267578125,0.0618896484375,0.0997314453125,0.128662109375,0.0966796875,0.0450439453125,0.0648193359375,0.1522216796875
368640,759894.5767499433,462,5858.0,0,11,5858.0,-0.902526459542506,531.5454545454545,0.0816650390625,0.0714111328125,0.085205078125,0.109619140625,0.0689697265625,0.1072998046875,0.139892578125,0.090576171875,0.0447998046875,0.0654296875,0.1351318359375
376832,0.0,463,5858.0,0,11,5858.0,-0.902526459542506,531.5454545454545,0.0811767578125,0.074951171875,0.0841064453125,0.10205078125,0.0712890625,0.1021728515625,0.1407470703125,0.0882568359375,0.044189453125,0.071533203125,0.1395263671875
385024,759916.9621745141,463,2971.0,0,11,2971.0,-0.8078088185796028,269.09090909090907,0.076416015625,0.0660400390625,0.0911865234375,0.108154296875,0.0693359375,0.110107421875,0.14111328125,0.0889892578125,0.0445556640625,0.0665283203125,0.1375732421875
393216,0.0,467,2971.0,0,12,2971.0,-0.8078088185796028,269.09090909090907,0.0767822265625,0.061279296875,0.087646484375,0.1026611328125,0.0733642578125,0.11572265625,0.14208984375,0.0845947265625,0.0439453125,0.0655517578125,0.1463623046875
401408,759937.9816855352,467,1991.0,0,12,1991.0,-0.7132094424912104,164.91666666666666,0.0709228515625,0.0679931640625,0.0938720703125,0.0946044921875,0.07177734375,0.11962890625,0.1357421875,0.0850830078125,0.043701171875,0.06787109375,0.1488037109375
409600,0.0,468,1991.0,0,12,1991.0,-0.7132094424912104,164.91666666666666,0.0701904296875,0.0716552734375,0.090576171875,0.095703125,0.07470703125,0.1131591796875,0.1368408203125,0.08740234375,0.0416259765625,0.066650390625,0.1514892578125
417792,759942.4473767912,468,3551.0,0,12,3551.0,-0.839200225288651,294.9166666666667,0.07275390625,0.07177734375,0.0814208984375,0.0938720703125,0.0792236328125,0.106201171875,0.1297607421875,0.0889892578125,0.04345703125,0.0653076171875,0.167236328125
425984,0.0,469,3551.0,0,12,3551.0,-0.839200225288651,294.9166666666667,0.07080078125,0.070556640625,0.0892333984375,0.0992431640625,0.0765380859375,0.110107421875,0.1226806640625,0.091552734375,0.04248046875,0.0667724609375,0.1600341796875
434176,759932.2577400642,469,2413.0,0,12,2413.0,-0.7633651056775798,200.08333333333334,0.0706787109375,0.072265625,0.0867919921875,0.0941162109375,0.075439453125,0.1156005859375,0.12109375,0.0914306640625,0.0440673828125,0.0655517578125,0.1629638671875
442368,0.0,470,2413.0,0,12,2413.0,-0.7633651056775798,200.08333333333334,0.0703125,0.07275390625,0.085205078125,0.094482421875,0.0692138671875,0.1212158203125,0.126953125,0.0938720703125,0.042236328125,0.0640869140625,0.15966796875
450560,759936.1320380695,470,2327.0,0,12,2327.0,-0.7546196819939837,192.91666666666666,0.0772705078125,0.0726318359375,0.079833984375,0.0904541015625,0.0706787109375,0.1143798828125,0.135986328125,0.0904541015625,0.037841796875,0.0714111328125,0.1590576171875
458752,0.0,640,2327.0,0,14,2327.0,-0.7546196819939837,192.91666666666666,0.0697021484375,0.0740966796875,0.08935546875,0.0980224609375,0.0650634765625,0.1187744140625,0.1380615234375,0.07958984375,0.04296875,0.069580078125,0.15478515625
466944,759935.2117253904,640,1990.0,0,14,1990.0,-0.7130653266331659,141.14285714285714,0.0751953125,0.074462890625,0.0863037109375,0.0985107421875,0.06787109375,0.1126708984375,0.131103515625,0.0849609375,0.0401611328125,0.07177734375,0.156982421875
475136,0.0,641,1990.0,0,14,1990.0,-0.7130653266331659,141.14285714285714,0.076416015625,0.0684814453125,0.08984375,0.103515625,0.0697021484375,0.12060546875,0.125244140625,0.0830078125,0.044677734375,0.0670166015625,0.1514892578125
483328,759950.6521693798,641,2469.0,0,14,2469.0,-0.7687322802754151,175.35714285714286,0.0726318359375,0.0682373046875,0.0849609375,0.106201171875,0.068603515625,0.1119384765625,0.1346435546875,0.083984375,0.0423583984375,0.065185546875,0.1612548828125
491520,0.0,642,2469.0,0,14,2469.0,-0.7687322802754151,175.35714285714286,0.0694580078125,0.067626953125,0.0843505859375,0.1021728515625,0.0673828125,0.1005859375,0.1417236328125,0.0853271484375,0.0426025390625,0.068115234375,0.170654296875
499712,759947.9713443362,642,664.0,0,14,664.0,-0.1400602409638555,46.42857142857143,0.068603515625,0.0716552734375,0.0908203125,0.1102294921875,0.067138671875,0.1016845703125,0.13720703125,0.0853271484375,0.0419921875,0.0635986328125,0.1617431640625
507904,0.0,643,664.0,0,14,664.0,-0.1400602409638555,46.42857142857143,0.06396484375,0.0677490234375,0.0885009765625,0.1148681640625,0.0626220703125,0.1051025390625,0.13671875,0.0797119140625,0.0411376953125,0.0625,0.1771240234375
516096,759941.6129075915,643,3516.0,0,14,3516.0,-0.8375995449374288,250.14285714285714,0.067138671875,0.0709228515625,0.0880126953125,0.1058349609375,0.06689453125,0.0941162109375,0.1400146484375,0.0748291015625,0.0438232421875,0.0582275390625,0.190185546875
524288,0.0,641,3516.0,0,14,3516.0,-0.8375995449374288,250.14285714285714,0.064697265625,0.0712890625,0.0859375,0.101318359375,0.06201171875,0.1014404296875,0.13671875,0.0728759765625,0.0391845703125,0.06005859375,0.2044677734375
532480,759953.4079506882,641,1886.0,0,14,1886.0,-0.6972428419936374,133.71428571428572,0.069580078125,0.0721435546875,0.0936279296875,0.103759765625,0.06494140625,0.091552734375,0.136474609375,0.0792236328125,0.04052734375,0.0643310546875,0.183837890625
540672,0.0,642,1886.0,0,14,1886.0,-0.6972428419936374,133.71428571428572,0.06982421875,0.073974609375,0.0865478515625,0.1072998046875,0.0576171875,0.0960693359375,0.13232421875,0.0789794921875,0.0361328125,0.0667724609375,0.1944580078125
548864,759938.9151782802,642,7440.0,0,14,7440.0,-0.9232526881720431,530.4285714285714,0.0660400390625,0.0699462890625,0.083740234375,0.0955810546875,0.0621337890625,0.0953369140625,0.1407470703125,0.0771484375,0.037841796875,0.07177734375,0.19970703125
557056,0.0,643,7440.0,0,14,7440.0,-0.9232526881720431,530.4285714285714,0.06396484375,0.07568359375,0.0806884765625,0.0877685546875,0.0579833984375,0.0963134765625,0.14501953125,0.0711669921875,0.0413818359375,0.0751953125,0.204833984375
565248,759943.0570599245,643,5446.0,0,14,5446.0,-0.8951524054351817,388.0,0.0684814453125,0.0780029296875,0.0784912109375,0.0977783203125,0.060791015625,0.0882568359375,0.13232421875,0.0794677734375,0.0369873046875,0.0748291015625,0.20458984375
573440,0.0,644,5446.0,0,14,5446.0,-0.8951524054351817,388.0,0.06494140625,0.0797119140625,0.076171875,0.094482421875,0.06396484375,0.0908203125,0.1234130859375,0.07763671875,0.0416259765625,0.0723876953125,0.21484375
581632,759907.5755262894,644,2155.0,0,14,2155.0,-0.7350348027842227,152.92857142857142,0.06591796875,0.0804443359375,0.06591796875,0.093505859375,0.063232421875,0.09375,0.126220703125,0.0780029296875,0.0400390625,0.07177734375,0.22119140625
589824,0.0,742,2155.0,0,15,2155.0,-0.7350348027842227,152.92857142857142,0.072509765625,0.0694580078125,0.06884765625,0.0894775390625,0.06787109375,0.087158203125,0.12109375,0.0770263671875,0.043212890625,0.072509765625,0.2308349609375
598016,759929.6790461912,742,12471.0,0,15,12471.0,-0.9542137759602277,830.4,0.0635986328125,0.0755615234375,0.0662841796875,0.0943603515625,0.06640625,0.0946044921875,0.1170654296875,0.0833740234375,0.0428466796875,0.076416015625,0.219482421875
606208,0.0,743,12471.0,0,15,12471.0,-0.9542137759602277,830.4,0.074951171875,0.079833984375,0.064208984375,0.093505859375,0.0655517578125,0.0916748046875,0.124755859375,0.0797119140625,0.0416259765625,0.066650390625,0.217529296875
614400,759893.8519158686,743,4706.0,0,15,4706.0,-0.878665533361666,312.73333333333335,0.0687255859375,0.0787353515625,0.06640625,0.098388671875,0.06787109375,0.1014404296875,0.1136474609375,0.078125,0.041748046875,0.0743408203125,0.2105712890625
622592,0.0,744,4706.0,0,15,4706.0,-0.878665533361666,312.73333333333335,0.06494140625,0.0655517578125,0.0648193359375,0.0966796875,0.064697265625,0.095458984375,0.1148681640625,0.0782470703125,0.0391845703125,0.0809326171875,0.234619140625
630784,759892.4489865637,744,4706.0,0,15,4706.0,-0.878665533361666,312.73333333333335,0.0628662109375,0.0731201171875,0.0587158203125,0.105224609375,0.0662841796875,0.0994873046875,0.113037109375,0.08154296875,0.04052734375,0.07177734375,0.2274169921875
638976,759807.0035636227,745,7100.0,0,15,7100.0,-0.9195774647887324,472.3333333333333,0.0606689453125,0.074951171875,0.0633544921875,0.1060791015625,0.0635986328125,0.1134033203125,0.1104736328125,0.0726318359375,0.0400390625,0.070556640625,0.2242431640625
647168,1512148.856216777,745,7100.0,0,15,7100.0,-0.9195774647887324,472.3333333333333,0.063232421875,0.0770263671875,0.060302734375,0.10546875,0.068359375,0.1185302734375,0.1119384765625,0.0772705078125,0.038818359375,0.0762939453125,0.2027587890625
655360,759759.4403997392,752,801.0,0,16,801.0,-0.28714107365792757,49.0625,0.0595703125,0.074951171875,0.0594482421875,0.109619140625,0.063232421875,0.119384765625,0.1168212890625,0.076904296875,0.0435791015625,0.07421875,0.2022705078125
663552,1512083.1707572916,752,801.0,0,16,801.0,-0.28714107365792757,49.0625,0.0657958984375,0.0745849609375,0.0621337890625,0.1075439453125,0.06494140625,0.111572265625,0.11474609375,0.07373046875,0.0396728515625,0.08056640625,0.2047119140625
671744,759830.0884650478,753,731.0,0,16,731.0,-0.21887824897400823,44.6875,0.061767578125,0.0775146484375,0.0589599609375,0.1070556640625,0.0679931640625,0.1092529296875,0.12255859375,0.0682373046875,0.04052734375,0.0841064453125,0.2020263671875
679936,1512202.0196880014,753,731.0,0,16,731.0,-0.21887824897400823,44.6875,0.0614013671875,0.07470703125,0.0615234375,0.10693359375,0.0643310546875,0.115966796875,0.128173828125,0.068603515625,0.0390625,0.0806884765625,0.1986083984375
688128,759847.1686299666,754,20623.0,0,16,20623.0,-0.9723124666634341,1287.9375,0.0670166015625,0.07470703125,0.06396484375,0.1134033203125,0.0718994140625,0.107177734375,0.11962890625,0.070556640625,0.04052734375,0.080322265625,0.1907958984375
696320,1512231.2326245054,754,20623.0,0,16,20623.0,-0.9723124666634341,1287.9375,0.065185546875,0.07861328125,0.059326171875,0.11181640625,0.0755615234375,0.1099853515625,0.1331787109375,0.0712890625,0.03955078125,0.079345703125,0.1761474609375
704512,759826.8595170729,755,18689.0,0,16,18689.0,-0.9694472684466799,1167.0625,0.0633544921875,0.080810546875,0.064453125,0.10986328125,0.0733642578125,0.1104736328125,0.133544921875,0.071044921875,0.044189453125,0.0770263671875,0.171875
712704,1512196.4108721155,755,18689.0,0,16,18689.0,-0.9694472684466799,1167.0625,0.0643310546875,0.084716796875,0.0703125,0.11767578125,0.069580078125,0.1082763671875,0.12060546875,0.0731201171875,0.0419921875,0.0811767578125,0.168212890625
720896,759874.4500599676,963,1433.0,0,17,1433.0,-0.6015352407536637,83.29411764705883,0.06787109375,0.0794677734375,0.0640869140625,0.1217041015625,0.0697021484375,0.1090087890625,0.13720703125,0.0634765625,0.04296875,0.076171875,0.1683349609375
729088,1512274.825828581,963,1433.0,0,17,1433.0,-0.6015352407536637,83.29411764705883,0.0650634765625,0.081298828125,0.072265625,0.12255859375,0.0665283203125,0.100341796875,0.136474609375,0.0694580078125,0.040771484375,0.0833740234375,0.161865234375
737280,759789.5748296045,964,24907.0,0,17,24907.0,-0.9770747179507768,1464.1176470588234,0.06689453125,0.0809326171875,0.072021484375,0.1221923828125,0.0653076171875,0.1033935546875,0.1395263671875,0.070556640625,0.0450439453125,0.081787109375,0.15234375
745472,1512138.2539459777,964,24907.0,0,17,24907.0,-0.9770747179507768,1464.1176470588234,0.0751953125,0.0804443359375,0.071533203125,0.112060546875,0.0657958984375,0.1123046875,0.140869140625,0.0736083984375,0.0469970703125,0.083251953125,0.137939453125
753664,759863.3831949276,965,3220.0,0,17,3220.0,-0.8226708074534161,188.41176470588235,0.071044921875,0.083740234375,0.067138671875,0.1234130859375,0.0692138671875,0.1064453125,0.1396484375,0.07275390625,0.0408935546875,0.0850830078125,0.140625
761856,1512257.564474825,965,3220.0,0,17,3220.0,-0.8226708074534161,188.41176470588235,0.0703125,0.080078125,0.072509765625,0.1129150390625,0.0706787109375,0.108642578125,0.141845703125,0.0704345703125,0.043701171875,0.07958984375,0.1492919921875
770048,759841.7070805978,966,7793.0,0,17,7793.0,-0.9267291158732195,457.4117647058824,0.0758056640625,0.0806884765625,0.06884765625,0.114990234375,0.0633544921875,0.107421875,0.145263671875,0.08203125,0.0472412109375,0.07275390625,0.1416015625
778240,1512238.962830996,966,7793.0,0,17,7793.0,-0.9267291158732195,457.4117647058824,0.0743408203125,0.0845947265625,0.068115234375,0.1158447265625,0.0667724609375,0.114990234375,0.1380615234375,0.0791015625,0.0469970703125,0.076904296875,0.13427734375
786432,759872.9945954707,970,21947.0,0,18,21947.0,-0.9739827766892969,1218.2777777777778,0.070068359375,0.0872802734375,0.07421875,0.1099853515625,0.0701904296875,0.10791015625,0.1319580078125,0.0802001953125,0.0418701171875,0.0867919921875,0.1395263671875
794624,1512285.6910199763,970,21947.0,0,18,21947.0,-0.9739827766892969,1218.2777777777778,0.06494140625,0.0770263671875,0.0767822265625,0.1065673828125,0.0645751953125,0.110595703125,0.1397705078125,0.081787109375,0.047607421875,0.0897216796875,0.140625
802816,759874.1298472304,971,1185.0,0,18,1185.0,-0.5181434599156118,64.83333333333333,0.0640869140625,0.0770263671875,0.079345703125,0.1142578125,0.063720703125,0.1187744140625,0.138427734375,0.07666015625,0.0426025390625,0.090576171875,0.134521484375
811008,1512285.437066541,971,1185.0,0,18,1185.0,-0.5181434599156118,64.83333333333333,0.06787109375,0.078369140625,0.0838623046875,0.1036376953125,0.065673828125,0.1212158203125,0.14013671875,0.0731201171875,0.0426025390625,0.080078125,0.1434326171875
819200,759840.8359397459,972,15157.0,0,18,15157.0,-0.962327637395263,841.0555555555555,0.066162109375,0.0836181640625,0.0845947265625,0.098876953125,0.0623779296875,0.121826171875,0.1409912109375,0.0687255859375,0.0447998046875,0.0797119140625,0.1483154296875
827392,1512208.468597454,972,15157.0,0,18,15157.0,-0.962327637395263,841.0555555555555,0.0755615234375,0.080078125,0.0855712890625,0.102783203125,0.0687255859375,0.124755859375,0.126220703125,0.0672607421875,0.0482177734375,0.0726318359375,0.148193359375
835584,759836.1430106356,973,394.0,0,18,394.0,0.449238578680203,20.88888888888889,0.0770263671875,0.0816650390625,0.0867919921875,0.0955810546875,0.0653076171875,0.1282958984375,0.1324462890625,0.068603515625,0.0438232421875,0.076416015625,0.14404296875
843776,1512203.8838441612,973,394.0,0,18,394.0,0.449238578680203,20.88888888888889,0.0809326171875,0.0848388671875,0.0885009765625,0.0926513671875,0.0635986328125,0.1307373046875,0.1326904296875,0.07080078125,0.04296875,0.0775146484375,0.134765625
851968,759858.046379804,1088,925.0,0,19,925.0,-0.5740540540540541,47.68421052631579,0.075439453125,0.0828857421875,0.093505859375,0.099853515625,0.0552978515625,0.1251220703125,0.1378173828125,0.0721435546875,0.0411376953125,0.0755615234375,0.1412353515625
860160,1512257.5567419096,1088,925.0,0,19,925.0,-0.5740540540540541,47.68421052631579,0.0775146484375,0.081298828125,0.0936279296875,0.0914306640625,0.0609130859375,0.1309814453125,0.1405029296875,0.0732421875,0.0452880859375,0.0718994140625,0.13330078125
868352,759836.9962445966,1089,21274.0,0,19,21274.0,-0.9814797405283445,1118.6842105263158,0.085205078125,0.073486328125,0.0975341796875,0.0902099609375,0.06201171875,0.12841796875,0.139404296875,0.0751953125,0.04541015625,0.073486328125,0.129638671875
876544,1512214.934071975,1089,21274.0,0,19,21274.0,-0.9814797405283445,1118.6842105263158,0.0814208984375,0.072509765625,0.102783203125,0.0877685546875,0.0634765625,0.1273193359375,0.150146484375,0.0733642578125,0.0419921875,0.07177734375,0.12744140625
884736,759858.2164722485,1090,5270.0,0,19,5270.0,-0.9252371916508538,276.36842105263156,0.0731201171875,0.076171875,0.1014404296875,0.0941162109375,0.0623779296875,0.127197265625,0.1607666015625,0.07177734375,0.0399169921875,0.069580078125,0.12353515625
892928,1512258.2107787915,1090,5270.0,0,19,5270.0,-0.9252371916508538,276.36842105263156,0.07763671875,0.0758056640625,0.0972900390625,0.0875244140625,0.061767578125,0.111572265625,0.16552734375,0.0726318359375,0.0384521484375,0.0802001953125,0.131591796875
901120,759843.9049341475,1091,2751.0,0,19,2751.0,-0.856779352962559,143.78947368421052,0.0731201171875,0.0740966796875,0.0904541015625,0.095947265625,0.0706787109375,0.1231689453125,0.15283203125,0.0701904296875,0.0423583984375,0.0855712890625,0.12158203125
909312,1512224.1030666896,1091,2751.0,0,19,2751.0,-0.856779352962559,143.78947368421052,0.06884765625,0.082763671875,0.0875244140625,0.089111328125,0.0687255859375,0.132568359375,0.155029296875,0.07470703125,0.041015625,0.082275390625,0.117431640625
917504,759832.2992352867,1094,851.0,0,20,851.0,-0.5370152761457109,41.55,0.07275390625,0.072509765625,0.0933837890625,0.09619140625,0.0731201171875,0.130859375,0.1376953125,0.079833984375,0.0411376953125,0.07861328125,0.1239013671875
925696,1512211.40991623,1094,851.0,0,20,851.0,-0.5370152761457109,41.55,0.07666015625,0.0743408203125,0.1011962890625,0.08984375,0.0654296875,0.1246337890625,0.1453857421875,0.081787109375,0.041015625,0.0782470703125,0.1214599609375
933888,759846.3263735753,1095,2377.0,0,20,2377.0,-0.8342448464450989,117.85,0.0810546875,0.067626953125,0.100830078125,0.091796875,0.065185546875,0.1290283203125,0.1517333984375,0.07373046875,0.0362548828125,0.07861328125,0.1241455078125
942080,1512244.5613997628,1095,2377.0,0,20,2377.0,-0.8342448464450989,117.85,0.080810546875,0.07177734375,0.1019287109375,0.09619140625,0.0648193359375,0.123046875,0.154052734375,0.0728759765625,0.0364990234375,0.0811767578125,0.1168212890625
950272,759834.6213751562,1096,861.0,0,20,861.0,-0.5423925667828107,42.05,0.084228515625,0.07275390625,0.0933837890625,0.0947265625,0.05908203125,0.1221923828125,0.1622314453125,0.0712890625,0.0325927734375,0.0845947265625,0.1229248046875
958464,1512219.6988062616,1096,861.0,0,20,861.0,-0.5423925667828107,42.05,0.0711669921875,0.0784912109375,0.092529296875,0.09814453125,0.0634765625,0.1190185546875,0.1695556640625,0.0767822265625,0.0374755859375,0.081787109375,0.111572265625
966656,759783.7369782844,1097,13998.0,0,20,13998.0,-0.9718531218745535,698.9,0.0767822265625,0.072998046875,0.0889892578125,0.1055908203125,0.0595703125,0.114990234375,0.1649169921875,0.0780029296875,0.038330078125,0.084716796875,0.1151123046875
974848,1512125.4472948345,1097,13998.0,0,20,13998.0,-0.9718531218745535,698.9,0.0836181640625,0.0751953125,0.0872802734375,0.1104736328125,0.060791015625,0.1107177734375,0.1624755859375,0.0703125,0.04150390625,0.080810546875,0.1168212890625
983040,759866.9440028762,1329,1213.0,0,21,1213.0,-0.6751854905193735,56.76190476190476,0.0758056640625,0.073974609375,0.0809326171875,0.1136474609375,0.0616455078125,0.1185302734375,0.1693115234375,0.072265625,0.037353515625,0.0877685546875,0.1087646484375
991232,1512276.2243490373,1329,1213.0,0,21,1213.0,-0.6751854905193735,56.76190476190476,0.076904296875,0.07470703125,0.0858154296875,0.117919921875,0.0594482421875,0.11767578125,0.1539306640625,0.0767822265625,0.0413818359375,0.0814208984375,0.114013671875
999424,759818.2601388898,1330,6371.0,0,21,6371.0,-0.9381572751530372,302.3809523809524,0.0772705078125,0.0738525390625,0.0814208984375,0.1177978515625,0.0594482421875,0.1153564453125,0.1722412109375,0.0771484375,0.038818359375,0.087890625,0.0987548828125
1007616,1512193.7668571768,1330,6371.0,0,21,6371.0,-0.9381572751530372,302.3809523809524,0.083251953125,0.0711669921875,0.088623046875,0.116455078125,0.063720703125,0.114501953125,0.1666259765625,0.07373046875,0.037841796875,0.0848388671875,0.0992431640625
