Step,Performance,Game Manager Index,Best Route Energy,Curriculum Step,Target Route Energy,Efficiency,Improvement,Gap,Action_0,Action_1,Action_2,Action_3,Action_4,Action_5,Action_6,Action_7,Action_8,Action_9,Action_10
2048,190613.52453882943,1,3628,0,4,3628,inf,906.0,0.09765625,0.08447265625,0.08203125,0.09326171875,0.08984375,0.09814453125,0.0966796875,0.091796875,0.09716796875,0.0849609375,0.083984375
4096,380868.12162789254,1,76,0,4,76,2.56578947368421,18.0,0.1015625,0.08056640625,0.10009765625,0.1025390625,0.08984375,0.08984375,0.08056640625,0.0859375,0.08837890625,0.08984375,0.0908203125
6144,570631.1867640584,1,76,0,4,76,2.56578947368421,18.0,0.09619140625,0.09423828125,0.0830078125,0.07958984375,0.09033203125,0.099609375,0.1005859375,0.087890625,0.08837890625,0.09521484375,0.0849609375
8192,189708.0573444404,2,58,0,4,58,0.22413793103448257,13.5,0.09814453125,0.0908203125,0.08544921875,0.07958984375,0.0859375,0.099609375,0.09228515625,0.0966796875,0.08935546875,0.08642578125,0.095703125
10240,379975.0271038487,2,52,0,4,52,0.11538461538461549,12.0,0.1064453125,0.09130859375,0.0869140625,0.08056640625,0.08544921875,0.1025390625,0.0888671875,0.0927734375,0.09130859375,0.0849609375,0.0888671875
12288,106234.75673765932,3,433,0,4,433,-0.8799076212471131,107.25,0.08837890625,0.08740234375,0.0859375,0.091796875,0.091796875,0.091796875,0.10009765625,0.091796875,0.08203125,0.09912109375,0.08984375
14336,296700.41865676356,3,433,0,4,433,-0.8799076212471131,107.25,0.10498046875,0.0810546875,0.08740234375,0.09765625,0.0869140625,0.1025390625,0.091796875,0.08447265625,0.0830078125,0.1005859375,0.07958984375
16384,87135.77275944552,4,75,0,4,75,-0.3066666666666666,17.75,0.0888671875,0.0869140625,0.0830078125,0.09716796875,0.0859375,0.1044921875,0.0869140625,0.08251953125,0.08349609375,0.11181640625,0.0888671875
18432,46324.57259166478,5,75,0,4,75,-0.3066666666666666,17.75,0.08642578125,0.0703125,0.09521484375,0.087890625,0.09326171875,0.09130859375,0.09326171875,0.08544921875,0.09326171875,0.109375,0.09423828125
20480,236925.91492877013,5,1937,0,4,1937,-0.9731543624161074,483.25,0.1005859375,0.07958984375,0.09326171875,0.0849609375,0.08203125,0.0869140625,0.1015625,0.08642578125,0.09423828125,0.09130859375,0.09912109375
22528,427041.04466837953,5,175,0,4,175,-0.7028571428571428,42.75,0.099609375,0.076171875,0.0751953125,0.08984375,0.09716796875,0.09326171875,0.09912109375,0.10107421875,0.0830078125,0.09716796875,0.08837890625
24576,616689.4199107669,5,175,0,4,175,-0.7028571428571428,42.75,0.10205078125,0.07763671875,0.0908203125,0.08642578125,0.0966796875,0.09619140625,0.0908203125,0.087890625,0.0966796875,0.091796875,0.0830078125
26624,101192.57708950131,6,175,0,4,175,-0.7028571428571428,42.75,0.0908203125,0.0908203125,0.08251953125,0.091796875,0.09326171875,0.08837890625,0.0859375,0.0927734375,0.0966796875,0.0947265625,0.09228515625
28672,291671.96211194637,6,212,0,4,212,-0.7547169811320755,52.0,0.09375,0.07421875,0.0849609375,0.10302734375,0.09765625,0.10009765625,0.08935546875,0.09912109375,0.08056640625,0.09716796875,0.080078125
30720,110231.8551844563,7,91,0,4,91,-0.42857142857142855,21.75,0.10546875,0.07373046875,0.10009765625,0.0859375,0.0849609375,0.0859375,0.099609375,0.08447265625,0.08935546875,0.0947265625,0.095703125
32768,300684.2148376348,7,91,0,4,91,-0.42857142857142855,21.75,0.091796875,0.0751953125,0.07958984375,0.095703125,0.0859375,0.1025390625,0.095703125,0.09521484375,0.08544921875,0.10595703125,0.0869140625
34816,17247.927009792755,8,91,0,4,91,-0.42857142857142855,21.75,0.08740234375,0.07763671875,0.0830078125,0.0927734375,0.08251953125,0.10107421875,0.09326171875,0.09375,0.0908203125,0.09765625,0.10009765625
36864,207839.3069085205,8,107,0,4,107,-0.5140186915887851,25.75,0.09521484375,0.0830078125,0.078125,0.091796875,0.09130859375,0.09521484375,0.1025390625,0.09765625,0.08251953125,0.09814453125,0.08447265625
38912,398045.694771674,8,86,0,4,86,-0.3953488372093023,20.5,0.078125,0.07958984375,0.08447265625,0.1103515625,0.10009765625,0.09619140625,0.09765625,0.080078125,0.08984375,0.10107421875,0.08251953125
40960,587773.5515822129,8,86,0,4,86,-0.3953488372093023,20.5,0.091796875,0.06982421875,0.08203125,0.10888671875,0.1064453125,0.095703125,0.0966796875,0.08837890625,0.08447265625,0.099609375,0.076171875
43008,54712.776957400754,9,1937,0,4,1937,-0.9731543624161074,483.25,0.0849609375,0.0908203125,0.07470703125,0.1005859375,0.09228515625,0.10009765625,0.1083984375,0.09326171875,0.0849609375,0.087890625,0.08203125
45056,245309.49532625664,9,39,0,4,39,0.07692307692307683,8.75,0.08349609375,0.083984375,0.08056640625,0.115234375,0.0908203125,0.09814453125,0.10888671875,0.08740234375,0.08154296875,0.08642578125,0.08349609375
47104,139018.83784868143,10,34,0,4,34,0.14705882352941177,7.5,0.09423828125,0.0888671875,0.0830078125,0.099609375,0.09521484375,0.0830078125,0.10595703125,0.09326171875,0.080078125,0.0927734375,0.083984375
49152,147459.89916426758,11,4320,0,4,4320,-0.9921296296296296,1079.0,0.07666015625,0.0849609375,0.08984375,0.09619140625,0.08544921875,0.08544921875,0.10498046875,0.10009765625,0.0771484375,0.1064453125,0.0927734375
51200,337823.87417556567,11,145,0,4,145,-0.7655172413793103,35.25,0.08935546875,0.0830078125,0.06787109375,0.103515625,0.10107421875,0.095703125,0.1142578125,0.09912109375,0.0751953125,0.08203125,0.0888671875
53248,527708.3050395859,11,55,0,4,55,-0.3818181818181818,12.75,0.08837890625,0.08447265625,0.06982421875,0.10205078125,0.10205078125,0.083984375,0.11572265625,0.1015625,0.08447265625,0.0849609375,0.08251953125
55296,61346.703573287865,12,58,0,4,58,-0.41379310344827586,13.5,0.08642578125,0.07568359375,0.09130859375,0.10791015625,0.0859375,0.1025390625,0.11669921875,0.09326171875,0.07275390625,0.099609375,0.06787109375
57344,60024.684468230465,13,58,0,4,58,-0.41379310344827586,13.5,0.0869140625,0.0849609375,0.0849609375,0.10302734375,0.09228515625,0.07373046875,0.10498046875,0.11181640625,0.083984375,0.09765625,0.07568359375
59392,250619.534282767,13,125,0,4,125,-0.7279999999999999,30.25,0.10205078125,0.0654296875,0.0859375,0.0869140625,0.09765625,0.0859375,0.11767578125,0.099609375,0.0869140625,0.08740234375,0.08447265625
61440,58250.33454793899,14,125,0,4,125,-0.7279999999999999,30.25,0.087890625,0.0859375,0.0703125,0.078125,0.0986328125,0.0927734375,0.1259765625,0.1025390625,0.08642578125,0.09619140625,0.0751953125
63488,248837.99756572998,14,161,0,4,161,-0.7888198757763976,39.25,0.083984375,0.09326171875,0.087890625,0.09814453125,0.09375,0.07958984375,0.11376953125,0.09375,0.0830078125,0.08935546875,0.08349609375
65536,81270.89701398664,15,125,0,4,125,-0.7279999999999999,30.25,0.09423828125,0.08056640625,0.08447265625,0.09375,0.1044921875,0.09228515625,0.119140625,0.0849609375,0.076171875,0.0849609375,0.0849609375
67584,98871.38743121542,16,493,0,4,493,-0.9310344827586208,122.25,0.0908203125,0.0888671875,0.0751953125,0.08837890625,0.11181640625,0.07177734375,0.12353515625,0.08203125,0.09423828125,0.09619140625,0.0771484375
69632,289354.8234018885,16,493,0,4,493,-0.9310344827586208,122.25,0.0908203125,0.087890625,0.08349609375,0.10302734375,0.09521484375,0.0703125,0.125,0.09326171875,0.080078125,0.08740234375,0.08349609375
71680,479350.14269134536,16,493,0,4,493,-0.9310344827586208,122.25,0.0849609375,0.09765625,0.0625,0.0966796875,0.09326171875,0.08837890625,0.119140625,0.09130859375,0.08349609375,0.1005859375,0.08203125
73728,175564.7637864643,17,64,0,4,64,-0.46874999999999994,15.0,0.09228515625,0.0947265625,0.0751953125,0.09033203125,0.09716796875,0.0830078125,0.12060546875,0.09716796875,0.07763671875,0.09326171875,0.07861328125
75776,365848.2831147446,17,64,0,4,64,-0.46874999999999994,15.0,0.0830078125,0.09228515625,0.07470703125,0.083984375,0.09619140625,0.0908203125,0.12646484375,0.0966796875,0.09033203125,0.09716796875,0.068359375
77824,122707.22526707595,18,662,0,4,662,-0.9486404833836859,164.5,0.091796875,0.09228515625,0.0703125,0.10009765625,0.10009765625,0.07373046875,0.1162109375,0.09130859375,0.080078125,0.10009765625,0.083984375
79872,313126.3401396478,18,235,0,4,235,-0.8553191489361701,57.75,0.08349609375,0.0888671875,0.07177734375,0.1015625,0.1044921875,0.080078125,0.125,0.09765625,0.08251953125,0.0849609375,0.07958984375
81920,503070.94396428496,18,45,0,4,45,-0.24444444444444435,10.25,0.09423828125,0.08642578125,0.07275390625,0.0908203125,0.09375,0.08203125,0.13916015625,0.0869140625,0.07763671875,0.09130859375,0.0849609375
83968,692534.0639084579,18,45,0,4,45,-0.24444444444444435,10.25,0.09765625,0.091796875,0.05517578125,0.09619140625,0.111328125,0.07421875,0.13037109375,0.09375,0.0888671875,0.0908203125,0.06982421875
86016,102871.93461177009,19,3247,0,4,3247,-0.9895287958115184,810.75,0.08837890625,0.08642578125,0.072265625,0.107421875,0.11181640625,0.0791015625,0.119140625,0.0927734375,0.0869140625,0.0810546875,0.07470703125
88064,293336.8517575077,19,437,0,4,437,-0.9221967963386727,108.25,0.09912109375,0.08984375,0.07421875,0.10107421875,0.09326171875,0.078125,0.12890625,0.0947265625,0.0712890625,0.0869140625,0.08251953125
90112,483326.6803334157,19,62,0,4,62,-0.45161290322580644,14.5,0.08740234375,0.08935546875,0.06591796875,0.10400390625,0.10205078125,0.08935546875,0.12109375,0.09814453125,0.07421875,0.08544921875,0.0830078125
92160,672837.0652636227,19,29,0,4,29,0.1724137931034483,6.25,0.08837890625,0.08056640625,0.06201171875,0.10302734375,0.09521484375,0.08984375,0.130859375,0.0947265625,0.0703125,0.091796875,0.09326171875
94208,14544.942040537459,20,29,0,4,29,0.1724137931034483,6.25,0.08251953125,0.08251953125,0.07568359375,0.12744140625,0.09326171875,0.0888671875,0.126953125,0.08203125,0.0693359375,0.09033203125,0.0810546875
96256,205212.19156449276,20,4703,0,4,4703,-0.9938337231554327,1174.75,0.09716796875,0.09619140625,0.06005859375,0.11083984375,0.0966796875,0.0810546875,0.1181640625,0.09326171875,0.0771484375,0.08837890625,0.0810546875
98304,395414.9168846844,20,1968,0,4,1968,-0.9852642276422764,491.0,0.08984375,0.09912109375,0.06103515625,0.1025390625,0.09619140625,0.0869140625,0.1162109375,0.0849609375,0.08447265625,0.10595703125,0.07275390625
100352,585134.0081263654,20,1968,0,4,1968,-0.9852642276422764,491.0,0.09423828125,0.0810546875,0.06396484375,0.10791015625,0.091796875,0.0849609375,0.13330078125,0.0810546875,0.0888671875,0.091796875,0.0810546875
