Step,Performance,Game Manager Index,Best Route Energy,Curriculum Step,Target Route Energy,Efficiency,Improvement,Gap,Action_0,Action_1,Action_2,Action_3,Action_4,Action_5,Action_6,Action_7,Action_8,Action_9,Action_10
8192,759906.6731020423,1,inf,0,0,inf,0.0,0.0,0.097412109375,0.09423828125,0.0889892578125,0.0897216796875,0.0909423828125,0.08740234375,0.086181640625,0.0850830078125,0.0906982421875,0.093505859375,0.0958251953125
16384,0.0,2,inf,0,0,inf,0.0,0.0,0.0938720703125,0.094970703125,0.087646484375,0.08349609375,0.0953369140625,0.0880126953125,0.0911865234375,0.099853515625,0.086669921875,0.0914306640625,0.0875244140625
24576,759920.931393948,2,inf,0,0,inf,0.0,0.0,0.0948486328125,0.0897216796875,0.0841064453125,0.08837890625,0.098876953125,0.089599609375,0.090087890625,0.0894775390625,0.089111328125,0.0882568359375,0.0975341796875
32768,0.0,3,inf,0,0,inf,0.0,0.0,0.09912109375,0.0948486328125,0.0811767578125,0.08984375,0.1044921875,0.0924072265625,0.0980224609375,0.0892333984375,0.0794677734375,0.07861328125,0.0927734375
40960,759941.8626830942,3,inf,0,0,inf,0.0,0.0,0.0987548828125,0.09326171875,0.081787109375,0.088623046875,0.0914306640625,0.0941162109375,0.0975341796875,0.091064453125,0.08740234375,0.0836181640625,0.0924072265625
49152,0.0,4,inf,0,0,inf,0.0,0.0,0.096435546875,0.0889892578125,0.08349609375,0.093017578125,0.1068115234375,0.0921630859375,0.093994140625,0.0859375,0.075439453125,0.084716796875,0.0989990234375
57344,759884.8231962173,4,inf,0,0,inf,0.0,0.0,0.090576171875,0.0938720703125,0.0789794921875,0.09765625,0.10888671875,0.095458984375,0.093505859375,0.091064453125,0.0777587890625,0.082275390625,0.0899658203125
65536,0.0,184,inf,0,6,inf,0.0,0.0,0.092041015625,0.0985107421875,0.081298828125,0.0938720703125,0.10888671875,0.1007080078125,0.093505859375,0.08740234375,0.075439453125,0.0838623046875,0.08447265625
73728,759954.5580298399,184,2721.0,0,6,2721.0,-0.6879823594266814,452.5,0.10009765625,0.100341796875,0.086181640625,0.0882568359375,0.0963134765625,0.094482421875,0.09521484375,0.090576171875,0.0775146484375,0.0828857421875,0.088134765625
81920,0.0,185,2721.0,0,6,2721.0,-0.6879823594266814,452.5,0.0977783203125,0.099853515625,0.082763671875,0.0880126953125,0.0965576171875,0.09912109375,0.0992431640625,0.0948486328125,0.07275390625,0.0838623046875,0.085205078125
90112,759933.4803567698,185,3566.0,0,6,3566.0,-0.7619181155356141,593.3333333333334,0.09716796875,0.091796875,0.0897216796875,0.0947265625,0.0966796875,0.0955810546875,0.095703125,0.0946044921875,0.0743408203125,0.0849609375,0.084716796875
98304,0.0,186,3566.0,0,6,3566.0,-0.7619181155356141,593.3333333333334,0.093994140625,0.10205078125,0.079345703125,0.082275390625,0.0982666015625,0.0986328125,0.0986328125,0.0987548828125,0.0771484375,0.095703125,0.0751953125
106496,759892.5746099078,186,2401.0,0,6,2401.0,-0.6463973344439816,399.1666666666667,0.0955810546875,0.097412109375,0.0875244140625,0.0853271484375,0.0908203125,0.09619140625,0.0975341796875,0.1060791015625,0.073974609375,0.0928955078125,0.07666015625
114688,0.0,187,2401.0,0,6,2401.0,-0.6463973344439816,399.1666666666667,0.089599609375,0.10205078125,0.084228515625,0.089599609375,0.100341796875,0.0986328125,0.095458984375,0.1009521484375,0.072998046875,0.08837890625,0.0777587890625
122880,759919.7677954023,187,3312.0,0,6,3312.0,-0.743659420289855,551.0,0.095947265625,0.0987548828125,0.081787109375,0.0860595703125,0.10205078125,0.0966796875,0.093505859375,0.1092529296875,0.0655517578125,0.0933837890625,0.0770263671875
131072,0.0,238,3312.0,0,7,3312.0,-0.743659420289855,551.0,0.097412109375,0.0999755859375,0.079345703125,0.0906982421875,0.0966796875,0.0943603515625,0.092529296875,0.1060791015625,0.069580078125,0.09521484375,0.078125
139264,759905.2287491933,238,1036.0,0,7,1036.0,-0.18050193050193042,147.0,0.0872802734375,0.1041259765625,0.080078125,0.088623046875,0.1021728515625,0.0902099609375,0.0943603515625,0.1136474609375,0.06396484375,0.09130859375,0.084228515625
147456,0.0,239,1036.0,0,7,1036.0,-0.18050193050193042,147.0,0.0894775390625,0.1080322265625,0.0765380859375,0.084228515625,0.1058349609375,0.0921630859375,0.0914306640625,0.1053466796875,0.06982421875,0.0941162109375,0.0830078125
155648,759914.704432005,239,1870.0,0,7,1870.0,-0.5459893048128343,266.14285714285717,0.0872802734375,0.10693359375,0.0732421875,0.0775146484375,0.103271484375,0.0986328125,0.0902099609375,0.119140625,0.068603515625,0.0958251953125,0.079345703125
163840,0.0,240,1870.0,0,7,1870.0,-0.5459893048128343,266.14285714285717,0.08935546875,0.111328125,0.0726318359375,0.079345703125,0.1087646484375,0.0887451171875,0.0858154296875,0.1134033203125,0.07080078125,0.095703125,0.0841064453125
172032,759930.0355431761,240,2280.0,0,7,2280.0,-0.6276315789473684,324.7142857142857,0.0885009765625,0.103515625,0.0753173828125,0.0799560546875,0.119140625,0.092041015625,0.09130859375,0.1102294921875,0.0692138671875,0.0860595703125,0.084716796875
180224,0.0,241,2280.0,0,8,2280.0,-0.6276315789473684,324.7142857142857,0.090576171875,0.1199951171875,0.0726318359375,0.0784912109375,0.1060791015625,0.0877685546875,0.089111328125,0.1092529296875,0.070068359375,0.086181640625,0.08984375
188416,759947.0812655188,241,2417.0,0,8,2417.0,-0.6487381050889532,301.125,0.095703125,0.1165771484375,0.0845947265625,0.082275390625,0.105712890625,0.084716796875,0.0775146484375,0.1163330078125,0.0594482421875,0.0897216796875,0.08740234375
196608,0.0,243,2417.0,0,8,2417.0,-0.6487381050889532,301.125,0.0936279296875,0.113037109375,0.071533203125,0.0897216796875,0.110595703125,0.0888671875,0.08740234375,0.1094970703125,0.0631103515625,0.0833740234375,0.0892333984375
204800,759972.4277634692,243,675.0,0,8,675.0,0.25777777777777783,83.375,0.1036376953125,0.1119384765625,0.07080078125,0.0843505859375,0.1080322265625,0.0858154296875,0.0872802734375,0.1109619140625,0.06591796875,0.083984375,0.0872802734375
212992,0.0,244,675.0,0,8,675.0,0.25777777777777783,83.375,0.095947265625,0.1103515625,0.0654296875,0.0863037109375,0.116943359375,0.0936279296875,0.0811767578125,0.1126708984375,0.0684814453125,0.0845947265625,0.08447265625
221184,759910.4202142726,244,3373.0,0,8,3373.0,-0.799881411206641,420.625,0.0985107421875,0.1112060546875,0.070068359375,0.081298828125,0.1134033203125,0.0970458984375,0.086669921875,0.108154296875,0.0689697265625,0.085205078125,0.0794677734375
229376,0.0,245,3373.0,0,8,3373.0,-0.799881411206641,420.625,0.1007080078125,0.119873046875,0.0716552734375,0.080322265625,0.11767578125,0.101318359375,0.0791015625,0.103515625,0.060791015625,0.0831298828125,0.0819091796875
237568,759885.8523764231,245,2349.0,0,8,2349.0,-0.7126436781609196,292.625,0.0982666015625,0.117431640625,0.0709228515625,0.0777587890625,0.115966796875,0.09716796875,0.093017578125,0.1121826171875,0.0576171875,0.0772705078125,0.0823974609375
245760,0.0,246,2349.0,0,8,2349.0,-0.7126436781609196,292.625,0.099609375,0.1175537109375,0.0723876953125,0.0816650390625,0.11083984375,0.0965576171875,0.08544921875,0.1104736328125,0.0592041015625,0.081787109375,0.08447265625
253952,759919.2681674797,246,22734.0,0,8,22734.0,-0.9703087885985748,2840.75,0.0887451171875,0.1175537109375,0.070068359375,0.0830078125,0.11376953125,0.1016845703125,0.080810546875,0.123779296875,0.0577392578125,0.0770263671875,0.0858154296875
262144,0.0,370,22734.0,0,9,22734.0,-0.9703087885985748,2840.75,0.083984375,0.1190185546875,0.073974609375,0.080078125,0.10498046875,0.1029052734375,0.0885009765625,0.1187744140625,0.060302734375,0.0802001953125,0.0872802734375
270336,759834.1311335197,370,11476.0,0,9,11476.0,-0.9411815963750436,1274.111111111111,0.09228515625,0.1275634765625,0.072509765625,0.078125,0.1097412109375,0.095947265625,0.082275390625,0.11669921875,0.0594482421875,0.081787109375,0.0836181640625
278528,0.0,371,11476.0,0,10,11476.0,-0.9411815963750436,1274.111111111111,0.0953369140625,0.1123046875,0.0770263671875,0.0821533203125,0.109619140625,0.1025390625,0.087158203125,0.109130859375,0.0643310546875,0.0791015625,0.081298828125
286720,759954.5219872709,371,1773.0,0,10,1773.0,-0.6192893401015229,176.3,0.092529296875,0.1192626953125,0.078369140625,0.0816650390625,0.1070556640625,0.10888671875,0.0755615234375,0.1082763671875,0.064208984375,0.0814208984375,0.082763671875
294912,0.0,372,1773.0,0,10,1773.0,-0.6192893401015229,176.3,0.08935546875,0.104736328125,0.0780029296875,0.08251953125,0.1146240234375,0.1070556640625,0.0816650390625,0.108154296875,0.0653076171875,0.0841064453125,0.08447265625
303104,759936.3781860536,372,601.0,0,10,601.0,0.12312811980033267,59.1,0.08447265625,0.1044921875,0.08056640625,0.082763671875,0.1170654296875,0.102783203125,0.0858154296875,0.1165771484375,0.0609130859375,0.07763671875,0.0869140625
311296,0.0,373,601.0,0,10,601.0,0.12312811980033267,59.1,0.08251953125,0.1083984375,0.0787353515625,0.085693359375,0.1119384765625,0.09716796875,0.0863037109375,0.1214599609375,0.0592041015625,0.074462890625,0.0941162109375
319488,759906.1271290443,373,9830.0,0,10,9830.0,-0.9388606307222788,982.0,0.0819091796875,0.1119384765625,0.0758056640625,0.088134765625,0.108154296875,0.0977783203125,0.082763671875,0.1212158203125,0.05810546875,0.0870361328125,0.087158203125
327680,0.0,373,9830.0,0,10,9830.0,-0.9388606307222788,982.0,0.084228515625,0.1046142578125,0.078369140625,0.088623046875,0.105712890625,0.101806640625,0.075927734375,0.1246337890625,0.05859375,0.0819091796875,0.0955810546875
335872,759907.9122922758,373,1639.0,0,10,1639.0,-0.633312995729103,162.9,0.08544921875,0.1015625,0.07666015625,0.08642578125,0.104248046875,0.0989990234375,0.0772705078125,0.125,0.0615234375,0.0869140625,0.095947265625
344064,0.0,374,1639.0,0,10,1639.0,-0.633312995729103,162.9,0.0830078125,0.111572265625,0.0771484375,0.0848388671875,0.1024169921875,0.10986328125,0.073486328125,0.1336669921875,0.05517578125,0.0782470703125,0.090576171875
352256,759952.3695324621,374,759.0,0,10,759.0,-0.20816864295125162,74.9,0.0828857421875,0.1002197265625,0.0693359375,0.081787109375,0.1109619140625,0.1048583984375,0.07275390625,0.1298828125,0.0523681640625,0.0926513671875,0.102294921875
360448,0.0,375,759.0,0,10,759.0,-0.20816864295125162,74.9,0.0765380859375,0.1055908203125,0.06591796875,0.0867919921875,0.115966796875,0.11572265625,0.065673828125,0.1446533203125,0.050537109375,0.079833984375,0.0927734375
368640,759874.8163836093,375,9686.0,0,10,9686.0,-0.9379516828412141,967.6,0.077392578125,0.102783203125,0.0703125,0.0867919921875,0.1102294921875,0.113525390625,0.0675048828125,0.1351318359375,0.052978515625,0.0809326171875,0.1024169921875
376832,0.0,376,9686.0,0,10,9686.0,-0.9379516828412141,967.6,0.0748291015625,0.0989990234375,0.072509765625,0.0838623046875,0.11328125,0.1080322265625,0.0711669921875,0.137451171875,0.0543212890625,0.0845947265625,0.1009521484375
385024,759798.7086292732,376,4299.0,0,10,4299.0,-0.8602000465224471,428.9,0.0784912109375,0.099609375,0.068115234375,0.091796875,0.1068115234375,0.110595703125,0.0679931640625,0.1307373046875,0.0596923828125,0.0870361328125,0.09912109375
393216,0.0,449,4299.0,0,11,4299.0,-0.8602000465224471,428.9,0.0826416015625,0.10205078125,0.071533203125,0.09619140625,0.107421875,0.101318359375,0.0711669921875,0.135986328125,0.0606689453125,0.0849609375,0.0860595703125
401408,759955.60936542,449,8824.0,0,11,8824.0,-0.9318902991840436,801.1818181818181,0.0802001953125,0.1083984375,0.0726318359375,0.0947265625,0.103759765625,0.10791015625,0.06103515625,0.1387939453125,0.061767578125,0.085205078125,0.0855712890625
409600,0.0,450,8824.0,0,11,8824.0,-0.9318902991840436,801.1818181818181,0.07958984375,0.10107421875,0.06884765625,0.10693359375,0.106689453125,0.113037109375,0.0614013671875,0.1260986328125,0.0621337890625,0.0833740234375,0.0908203125
417792,759833.2055284566,450,11207.0,0,11,11207.0,-0.9463728027125903,1017.8181818181819,0.076416015625,0.103271484375,0.0645751953125,0.093994140625,0.1053466796875,0.11572265625,0.0628662109375,0.1236572265625,0.07177734375,0.0888671875,0.093505859375
425984,0.0,451,11207.0,0,12,11207.0,-0.9463728027125903,1017.8181818181819,0.0765380859375,0.108642578125,0.0684814453125,0.0987548828125,0.1085205078125,0.1090087890625,0.067626953125,0.1160888671875,0.06640625,0.0869140625,0.093017578125
434176,759939.9550642808,451,24225.0,0,12,24225.0,-0.9751909184726522,2017.75,0.07373046875,0.1058349609375,0.060302734375,0.0966796875,0.11181640625,0.1041259765625,0.0675048828125,0.122314453125,0.071533203125,0.0921630859375,0.093994140625
442368,0.0,452,24225.0,0,12,24225.0,-0.9751909184726522,2017.75,0.072998046875,0.1075439453125,0.063232421875,0.094970703125,0.114990234375,0.0947265625,0.06640625,0.12109375,0.0806884765625,0.0914306640625,0.0919189453125
450560,759953.7407511455,452,12630.0,0,12,12630.0,-0.9524148851939825,1051.5,0.072509765625,0.0997314453125,0.065185546875,0.099365234375,0.125,0.1046142578125,0.0643310546875,0.114013671875,0.0775146484375,0.08837890625,0.08935546875
458752,0.0,453,12630.0,0,12,12630.0,-0.9524148851939825,1051.5,0.076416015625,0.1060791015625,0.0596923828125,0.09912109375,0.119873046875,0.095947265625,0.0638427734375,0.1239013671875,0.0677490234375,0.097900390625,0.0894775390625
466944,759960.3369747318,453,3323.0,0,12,3323.0,-0.8191393319289798,275.9166666666667,0.0714111328125,0.1026611328125,0.0540771484375,0.107421875,0.118408203125,0.0992431640625,0.06640625,0.118896484375,0.07177734375,0.1007080078125,0.0889892578125
475136,0.0,454,3323.0,0,12,3323.0,-0.8191393319289798,275.9166666666667,0.0736083984375,0.0989990234375,0.0576171875,0.1129150390625,0.1165771484375,0.103271484375,0.0592041015625,0.1124267578125,0.0675048828125,0.1046142578125,0.09326171875
483328,759881.7102822611,454,14909.0,0,12,14909.0,-0.9596887785901134,1241.4166666666667,0.06494140625,0.1063232421875,0.0584716796875,0.1077880859375,0.131103515625,0.0986328125,0.068115234375,0.11083984375,0.065673828125,0.0982666015625,0.08984375
491520,0.0,455,14909.0,0,12,14909.0,-0.9596887785901134,1241.4166666666667,0.07177734375,0.10986328125,0.054931640625,0.10107421875,0.1251220703125,0.1065673828125,0.067138671875,0.107666015625,0.068359375,0.096923828125,0.090576171875
499712,759899.9487967812,455,14909.0,0,12,14909.0,-0.9596887785901134,1241.4166666666667,0.0694580078125,0.108154296875,0.0535888671875,0.108154296875,0.10302734375,0.118896484375,0.0679931640625,0.1080322265625,0.0667724609375,0.1005859375,0.0953369140625
507904,759831.7249137703,456,458.0,0,12,458.0,0.3122270742358078,37.166666666666664,0.07861328125,0.0965576171875,0.0654296875,0.097900390625,0.11669921875,0.11572265625,0.0611572265625,0.0980224609375,0.075439453125,0.098388671875,0.0960693359375
516096,1512224.5226819308,456,458.0,0,12,458.0,0.3122270742358078,37.166666666666664,0.070556640625,0.09521484375,0.061279296875,0.1009521484375,0.1163330078125,0.1092529296875,0.0650634765625,0.103759765625,0.0731201171875,0.1064453125,0.0980224609375
524288,759873.1768923937,638,850.0,0,13,850.0,-0.46117647058823524,64.38461538461539,0.0748291015625,0.0997314453125,0.06591796875,0.0987548828125,0.125244140625,0.10302734375,0.064697265625,0.0999755859375,0.071533203125,0.1019287109375,0.0943603515625
532480,1512272.9206865255,638,850.0,0,13,850.0,-0.46117647058823524,64.38461538461539,0.06884765625,0.0977783203125,0.0657958984375,0.0948486328125,0.12548828125,0.1097412109375,0.0701904296875,0.10400390625,0.0684814453125,0.0943603515625,0.1004638671875
540672,759825.9951098015,639,6496.0,0,13,6496.0,-0.9294950738916256,498.6923076923077,0.070556640625,0.0992431640625,0.0587158203125,0.098876953125,0.128173828125,0.1065673828125,0.068115234375,0.103515625,0.062255859375,0.103271484375,0.1007080078125
548864,1512195.620479882,639,6496.0,0,13,6496.0,-0.9294950738916256,498.6923076923077,0.0755615234375,0.102294921875,0.05712890625,0.1005859375,0.1177978515625,0.099365234375,0.0673828125,0.1158447265625,0.0709228515625,0.1048583984375,0.0882568359375
557056,759867.8116294709,640,8078.0,0,13,8078.0,-0.9433027977222085,620.3846153846154,0.0718994140625,0.1007080078125,0.0604248046875,0.103271484375,0.1143798828125,0.1016845703125,0.073486328125,0.11181640625,0.0640869140625,0.10986328125,0.08837890625
565248,1512272.292385567,640,8078.0,0,13,8078.0,-0.9433027977222085,620.3846153846154,0.0802001953125,0.10107421875,0.058349609375,0.10302734375,0.117919921875,0.1019287109375,0.0665283203125,0.10888671875,0.0640869140625,0.1048583984375,0.0931396484375
573440,759868.3274809726,641,20449.0,0,14,20449.0,-0.9776028167636559,1459.642857142857,0.0709228515625,0.1007080078125,0.05322265625,0.109619140625,0.117919921875,0.0997314453125,0.0665283203125,0.11328125,0.0657958984375,0.1068115234375,0.095458984375
581632,1512278.2341081616,641,20449.0,0,14,20449.0,-0.9776028167636559,1459.642857142857,0.0701904296875,0.09912109375,0.053955078125,0.10595703125,0.124755859375,0.1029052734375,0.0738525390625,0.104248046875,0.0555419921875,0.109619140625,0.099853515625
589824,759827.490469197,643,12618.0,0,14,12618.0,-0.9637026470122048,900.2857142857143,0.068359375,0.0982666015625,0.0528564453125,0.101318359375,0.126220703125,0.1021728515625,0.0648193359375,0.1090087890625,0.06201171875,0.1143798828125,0.1005859375
598016,1512200.788123489,643,12618.0,0,14,12618.0,-0.9637026470122048,900.2857142857143,0.0723876953125,0.100341796875,0.0546875,0.1024169921875,0.1248779296875,0.0911865234375,0.0692138671875,0.10595703125,0.06201171875,0.117919921875,0.0989990234375
606208,759697.0819615492,644,8509.0,0,14,8509.0,-0.9461746386179339,606.7857142857143,0.0712890625,0.1038818359375,0.053955078125,0.0989990234375,0.1279296875,0.09228515625,0.071533203125,0.10693359375,0.0595703125,0.114990234375,0.0986328125
614400,1511937.0899323989,644,8509.0,0,14,8509.0,-0.9461746386179339,606.7857142857143,0.072509765625,0.1005859375,0.05419921875,0.1038818359375,0.1224365234375,0.0924072265625,0.06982421875,0.1029052734375,0.0579833984375,0.1160888671875,0.107177734375
622592,759819.8342230307,645,3166.0,0,14,3166.0,-0.8553379658875553,225.14285714285714,0.076416015625,0.1002197265625,0.0511474609375,0.1041259765625,0.12060546875,0.099609375,0.06884765625,0.10400390625,0.05859375,0.1148681640625,0.1015625
630784,1512181.2666985507,645,3166.0,0,14,3166.0,-0.8553379658875553,225.14285714285714,0.07861328125,0.09765625,0.0567626953125,0.0966796875,0.1195068359375,0.099365234375,0.0704345703125,0.1041259765625,0.066650390625,0.093505859375,0.11669921875
638976,759671.5925918989,646,4582.0,0,14,4582.0,-0.9000436490615452,326.2857142857143,0.0745849609375,0.0888671875,0.0606689453125,0.099365234375,0.1224365234375,0.0987548828125,0.0679931640625,0.097900390625,0.066650390625,0.1092529296875,0.113525390625
647168,1511882.3475452077,646,4582.0,0,14,4582.0,-0.9000436490615452,326.2857142857143,0.0745849609375,0.0972900390625,0.06005859375,0.0882568359375,0.1151123046875,0.1048583984375,0.0723876953125,0.0947265625,0.063720703125,0.11083984375,0.1181640625
655360,759853.0485286545,740,1673.0,0,15,1673.0,-0.726240286909743,110.53333333333333,0.0726318359375,0.103515625,0.0589599609375,0.0887451171875,0.10693359375,0.107177734375,0.0650634765625,0.1026611328125,0.065185546875,0.1165771484375,0.112548828125
663552,1512246.4953517015,740,1673.0,0,15,1673.0,-0.726240286909743,110.53333333333333,0.0755615234375,0.101806640625,0.0552978515625,0.088134765625,0.1124267578125,0.096435546875,0.0718994140625,0.100341796875,0.069091796875,0.1177978515625,0.1112060546875
671744,759834.488944412,741,2726.0,0,15,2726.0,-0.8319882611885546,180.73333333333332,0.0699462890625,0.10107421875,0.0562744140625,0.0927734375,0.1112060546875,0.09423828125,0.0777587890625,0.1002197265625,0.065673828125,0.1126708984375,0.1181640625
679936,1512211.5784456672,741,2726.0,0,15,2726.0,-0.8319882611885546,180.73333333333332,0.0731201171875,0.1043701171875,0.0604248046875,0.091796875,0.1080322265625,0.097412109375,0.066162109375,0.0989990234375,0.06787109375,0.1126708984375,0.119140625
688128,759845.927279676,742,4265.0,0,15,4265.0,-0.8926143024618992,283.3333333333333,0.0753173828125,0.0999755859375,0.0572509765625,0.1031494140625,0.115966796875,0.0947265625,0.0697021484375,0.10302734375,0.0599365234375,0.10400390625,0.116943359375
696320,1512231.1014996711,742,4265.0,0,15,4265.0,-0.8926143024618992,283.3333333333333,0.0687255859375,0.1058349609375,0.059326171875,0.0936279296875,0.1163330078125,0.082763671875,0.0716552734375,0.0985107421875,0.0645751953125,0.1142578125,0.1243896484375
704512,759834.8085845348,743,115.0,0,15,115.0,2.982608695652174,6.666666666666667,0.068603515625,0.1044921875,0.057861328125,0.09912109375,0.107177734375,0.0848388671875,0.0699462890625,0.1016845703125,0.0633544921875,0.1131591796875,0.1297607421875
712704,1512211.7557491942,743,115.0,0,15,115.0,2.982608695652174,6.666666666666667,0.07373046875,0.107421875,0.0582275390625,0.0902099609375,0.11669921875,0.090087890625,0.068359375,0.105224609375,0.059814453125,0.109375,0.120849609375
720896,759728.8360023395,748,3304.0,0,16,3304.0,-0.9651937046004843,205.5,0.0745849609375,0.1025390625,0.060302734375,0.087890625,0.11376953125,0.0853271484375,0.072998046875,0.1080322265625,0.0634765625,0.110595703125,0.1204833984375
729088,1511996.5199012258,748,3304.0,0,16,3304.0,-0.9651937046004843,205.5,0.0703125,0.103271484375,0.05712890625,0.0880126953125,0.116455078125,0.0875244140625,0.076904296875,0.103759765625,0.0621337890625,0.1015625,0.1329345703125
737280,759849.2379278258,749,3353.0,0,16,3353.0,-0.9657023560990158,208.5625,0.07861328125,0.1068115234375,0.05126953125,0.091552734375,0.1143798828125,0.0772705078125,0.08056640625,0.0963134765625,0.0615234375,0.1043701171875,0.1373291015625
745472,1512238.932758162,749,3353.0,0,16,3353.0,-0.9657023560990158,208.5625,0.0672607421875,0.113525390625,0.053955078125,0.086669921875,0.113525390625,0.0792236328125,0.07666015625,0.108154296875,0.066650390625,0.1029052734375,0.1314697265625
753664,759847.422036828,750,1091.0,0,16,1091.0,-0.8945921173235564,67.1875,0.064208984375,0.117919921875,0.052734375,0.0784912109375,0.1142578125,0.0826416015625,0.0792236328125,0.107177734375,0.06201171875,0.104736328125,0.1365966796875
761856,1512237.071319456,750,1091.0,0,16,1091.0,-0.8945921173235564,67.1875,0.0654296875,0.122802734375,0.051513671875,0.0777587890625,0.1209716796875,0.08056640625,0.0758056640625,0.10791015625,0.061767578125,0.11572265625,0.1197509765625
770048,759902.7102026878,751,1091.0,0,16,1091.0,-0.8945921173235564,67.1875,0.06591796875,0.1214599609375,0.0455322265625,0.082763671875,0.1275634765625,0.0806884765625,0.076171875,0.1094970703125,0.06005859375,0.1021728515625,0.128173828125
778240,759672.4081395186,939,13092.0,0,17,13092.0,-0.9912160097769631,769.1176470588235,0.0667724609375,0.11181640625,0.04345703125,0.0841064453125,0.1290283203125,0.0804443359375,0.078857421875,0.112548828125,0.058837890625,0.1085205078125,0.1256103515625
786432,1511993.9399090467,939,13092.0,0,17,13092.0,-0.9912160097769631,769.1176470588235,0.0633544921875,0.1204833984375,0.0472412109375,0.0799560546875,0.1177978515625,0.0828857421875,0.0787353515625,0.1190185546875,0.061279296875,0.1114501953125,0.1177978515625
794624,759718.7661125016,940,13092.0,0,17,13092.0,-0.9912160097769631,769.1176470588235,0.064697265625,0.1243896484375,0.0489501953125,0.0767822265625,0.1348876953125,0.0782470703125,0.0809326171875,0.1123046875,0.0653076171875,0.1094970703125,0.10400390625
802816,732827.96048736,941,13092.0,0,18,13092.0,-0.9912160097769631,769.1176470588235,0.0595703125,0.110107421875,0.0491943359375,0.085693359375,0.130615234375,0.078125,0.0841064453125,0.1177978515625,0.0643310546875,0.1141357421875,0.1063232421875
811008,717471.5658428039,942,352.0,0,18,352.0,-0.6732954545454545,18.555555555555557,0.0615234375,0.1016845703125,0.05078125,0.0806884765625,0.145751953125,0.0828857421875,0.083984375,0.112548828125,0.0606689453125,0.1204833984375,0.0989990234375
819200,1470295.9655239685,942,352.0,0,18,352.0,-0.6732954545454545,18.555555555555557,0.060302734375,0.1070556640625,0.0540771484375,0.090576171875,0.1368408203125,0.0753173828125,0.07763671875,0.111083984375,0.0570068359375,0.1287841796875,0.101318359375
827392,717492.268895358,943,2229.0,0,18,2229.0,-0.9484073575594437,122.83333333333333,0.058837890625,0.1029052734375,0.049072265625,0.0858154296875,0.1416015625,0.0753173828125,0.073974609375,0.1058349609375,0.0654296875,0.1385498046875,0.1026611328125
835584,1470340.4957229607,943,2229.0,0,18,2229.0,-0.9484073575594437,122.83333333333333,0.0609130859375,0.1068115234375,0.0506591796875,0.0882568359375,0.126953125,0.070556640625,0.07666015625,0.1258544921875,0.0615234375,0.134033203125,0.0977783203125
843776,717477.584347237,944,6781.0,0,18,6781.0,-0.9830408494322372,375.72222222222223,0.057861328125,0.09716796875,0.0465087890625,0.0863037109375,0.1297607421875,0.08154296875,0.07666015625,0.1278076171875,0.062255859375,0.1356201171875,0.0985107421875
851968,1470297.53173963,944,6781.0,0,18,6781.0,-0.9830408494322372,375.72222222222223,0.0518798828125,0.0989990234375,0.04833984375,0.0849609375,0.1368408203125,0.080078125,0.084716796875,0.12158203125,0.0628662109375,0.1383056640625,0.0914306640625
860160,717387.2449901657,945,679.0,0,18,679.0,-0.8306332842415317,36.72222222222222,0.060791015625,0.100830078125,0.0433349609375,0.08447265625,0.1273193359375,0.0789794921875,0.0804443359375,0.1246337890625,0.0589599609375,0.1455078125,0.0947265625
868352,1470139.9924281095,945,679.0,0,18,679.0,-0.8306332842415317,36.72222222222222,0.0625,0.1038818359375,0.0478515625,0.0830078125,0.134765625,0.0723876953125,0.0767822265625,0.120849609375,0.063720703125,0.142333984375,0.0919189453125
876544,717471.4003043951,946,370.0,0,18,370.0,-0.6891891891891891,19.555555555555557,0.06396484375,0.103271484375,0.0457763671875,0.0921630859375,0.1314697265625,0.0694580078125,0.08154296875,0.114990234375,0.0645751953125,0.1409912109375,0.091796875
884736,1470293.8414339817,946,370.0,0,18,370.0,-0.6891891891891891,19.555555555555557,0.06005859375,0.1162109375,0.041748046875,0.096923828125,0.126953125,0.0728759765625,0.082763671875,0.111572265625,0.065673828125,0.1368408203125,0.08837890625
892928,717429.0682076981,1092,370.0,0,19,370.0,-0.6891891891891891,19.555555555555557,0.0599365234375,0.1121826171875,0.0440673828125,0.10107421875,0.121337890625,0.07421875,0.08349609375,0.1168212890625,0.0576171875,0.1387939453125,0.0904541015625
901120,715125.1967661125,1093,370.0,0,19,370.0,-0.6891891891891891,19.555555555555557,0.0643310546875,0.11474609375,0.044189453125,0.0950927734375,0.1109619140625,0.0745849609375,0.0836181640625,0.1123046875,0.0640869140625,0.145263671875,0.0908203125
909312,715017.437713505,1094,370.0,0,19,370.0,-0.6891891891891891,19.555555555555557,0.0626220703125,0.1131591796875,0.0447998046875,0.098388671875,0.11083984375,0.0712890625,0.0849609375,0.1314697265625,0.0618896484375,0.123046875,0.0975341796875
917504,712625.3657517717,1095,117.0,0,19,117.0,-0.017094017094017,5.157894736842105,0.0572509765625,0.1102294921875,0.051513671875,0.0888671875,0.11181640625,0.07470703125,0.0848388671875,0.132080078125,0.066162109375,0.1304931640625,0.092041015625
925696,1465560.7510854092,1095,117.0,0,19,117.0,-0.017094017094017,5.157894736842105,0.0655517578125,0.111328125,0.04541015625,0.0960693359375,0.1090087890625,0.069580078125,0.0821533203125,0.12939453125,0.056884765625,0.1358642578125,0.0987548828125
933888,712442.1641710309,1102,117.0,0,20,117.0,-0.017094017094017,5.157894736842105,0.0628662109375,0.1170654296875,0.042724609375,0.0833740234375,0.1104736328125,0.0738525390625,0.08154296875,0.1328125,0.061279296875,0.1331787109375,0.100830078125
942080,706413.0366465863,1103,3714.0,0,20,3714.0,-0.9690360796984383,184.7,0.0618896484375,0.11279296875,0.0455322265625,0.0826416015625,0.1075439453125,0.070556640625,0.0849609375,0.1312255859375,0.067138671875,0.134521484375,0.1011962890625
950272,1459384.5486028597,1103,3714.0,0,20,3714.0,-0.9690360796984383,184.7,0.0634765625,0.12109375,0.040771484375,0.08837890625,0.10205078125,0.06884765625,0.0875244140625,0.13623046875,0.0679931640625,0.1339111328125,0.0897216796875
958464,706379.9206290249,1104,14575.0,0,20,14575.0,-0.9921097770154373,727.75,0.0704345703125,0.1202392578125,0.044677734375,0.0809326171875,0.10986328125,0.0684814453125,0.0933837890625,0.1197509765625,0.0703125,0.1318359375,0.090087890625
966656,1459309.631173327,1104,14575.0,0,20,14575.0,-0.9921097770154373,727.75,0.06103515625,0.120361328125,0.044677734375,0.08349609375,0.1080322265625,0.0697021484375,0.0936279296875,0.115966796875,0.068603515625,0.1434326171875,0.091064453125
974848,706356.6600717354,1105,14575.0,0,20,14575.0,-0.9921097770154373,727.75,0.06396484375,0.1351318359375,0.046142578125,0.0816650390625,0.1048583984375,0.069580078125,0.0970458984375,0.112060546875,0.064697265625,0.1380615234375,0.0867919921875
983040,693231.4003473272,1295,4042.0,0,21,4042.0,-0.9715487382483918,191.47619047619048,0.06640625,0.14208984375,0.0396728515625,0.08544921875,0.11376953125,0.0733642578125,0.089111328125,0.104736328125,0.0679931640625,0.132568359375,0.0848388671875
991232,1446368.9116203855,1295,4042.0,0,21,4042.0,-0.9715487382483918,191.47619047619048,0.0634765625,0.1436767578125,0.0418701171875,0.0885009765625,0.118408203125,0.069580078125,0.0894775390625,0.1041259765625,0.065673828125,0.1361083984375,0.0791015625
999424,693114.9254282715,1296,6677.0,0,21,6677.0,-0.9827766961210125,316.95238095238096,0.0633544921875,0.1470947265625,0.0372314453125,0.081298828125,0.1107177734375,0.072265625,0.0928955078125,0.1058349609375,0.0589599609375,0.1370849609375,0.09326171875
1007616,1446124.4134720003,1296,6677.0,0,21,6677.0,-0.9827766961210125,316.95238095238096,0.064453125,0.1376953125,0.0450439453125,0.08154296875,0.1116943359375,0.0640869140625,0.0931396484375,0.099853515625,0.0675048828125,0.1494140625,0.0855712890625
