Step,Performance,Game Manager Index,Best Route Energy,Curriculum Step,Target Route Energy,Efficiency,Improvement,Gap,Action_0,Action_1,Action_2,Action_3,Action_4,Action_5,Action_6,Action_7,Action_8,Action_9,Action_10
8192,759974.976143607,1,inf,0,0,inf,0.0,0.0,0.0889892578125,0.093994140625,0.08984375,0.0963134765625,0.0897216796875,0.0892333984375,0.092041015625,0.0897216796875,0.092529296875,0.08837890625,0.0892333984375
16384,0.0,2,inf,0,0,inf,0.0,0.0,0.094970703125,0.0855712890625,0.0928955078125,0.087158203125,0.089111328125,0.0927734375,0.093505859375,0.0933837890625,0.082275390625,0.0941162109375,0.09423828125
24576,759859.7951646299,2,inf,0,0,inf,0.0,0.0,0.0968017578125,0.0899658203125,0.086669921875,0.097412109375,0.0823974609375,0.092041015625,0.0936279296875,0.0838623046875,0.086669921875,0.1005859375,0.0899658203125
32768,0.0,3,inf,0,0,inf,0.0,0.0,0.0938720703125,0.089599609375,0.0963134765625,0.097412109375,0.07666015625,0.0853271484375,0.092041015625,0.0814208984375,0.086669921875,0.1102294921875,0.0904541015625
40960,759939.1851487893,3,inf,0,0,inf,0.0,0.0,0.0968017578125,0.093505859375,0.1048583984375,0.0863037109375,0.07958984375,0.08447265625,0.0948486328125,0.0804443359375,0.0882568359375,0.1021728515625,0.0887451171875
49152,0.0,4,inf,0,0,inf,0.0,0.0,0.0894775390625,0.0948486328125,0.0963134765625,0.0875244140625,0.082275390625,0.0875244140625,0.0902099609375,0.087646484375,0.0888671875,0.1065673828125,0.0887451171875
57344,759939.4790332677,4,inf,0,0,inf,0.0,0.0,0.091064453125,0.09619140625,0.0994873046875,0.0841064453125,0.07275390625,0.0875244140625,0.0943603515625,0.090087890625,0.08740234375,0.10302734375,0.093994140625
65536,0.0,178,inf,0,6,inf,0.0,0.0,0.093505859375,0.104736328125,0.0906982421875,0.0872802734375,0.081787109375,0.0859375,0.0927734375,0.085205078125,0.082763671875,0.09912109375,0.09619140625
73728,759946.2990210167,178,4507.0,0,6,4507.0,-0.9458619924561793,750.1666666666666,0.092529296875,0.09716796875,0.0924072265625,0.0860595703125,0.0758056640625,0.088623046875,0.09814453125,0.0789794921875,0.0870361328125,0.10205078125,0.1011962890625
81920,0.0,179,4507.0,0,6,4507.0,-0.9458619924561793,750.1666666666666,0.0980224609375,0.09326171875,0.0946044921875,0.0888671875,0.076416015625,0.0816650390625,0.0928955078125,0.0751953125,0.09326171875,0.109619140625,0.09619140625
90112,759950.2718249784,179,621.0,0,6,621.0,-0.607085346215781,102.5,0.0869140625,0.0972900390625,0.0938720703125,0.091796875,0.0721435546875,0.0849609375,0.0931396484375,0.0750732421875,0.09619140625,0.105712890625,0.1029052734375
98304,0.0,180,621.0,0,6,621.0,-0.607085346215781,102.5,0.0880126953125,0.10205078125,0.0897216796875,0.089599609375,0.0753173828125,0.0789794921875,0.08642578125,0.0780029296875,0.09326171875,0.1109619140625,0.107666015625
106496,759944.010913638,180,1185.0,0,6,1185.0,-0.7940928270042195,196.5,0.094482421875,0.0947265625,0.08642578125,0.08251953125,0.074462890625,0.0789794921875,0.0899658203125,0.08447265625,0.098876953125,0.10986328125,0.105224609375
114688,0.0,181,1185.0,0,6,1185.0,-0.7940928270042195,196.5,0.0921630859375,0.0924072265625,0.089111328125,0.0821533203125,0.0736083984375,0.07421875,0.087890625,0.0908203125,0.0980224609375,0.1224365234375,0.09716796875
122880,759937.0733745936,181,1905.0,0,6,1905.0,-0.8719160104986876,316.5,0.0892333984375,0.0897216796875,0.094970703125,0.08203125,0.0682373046875,0.07666015625,0.0877685546875,0.0914306640625,0.1046142578125,0.114501953125,0.100830078125
131072,0.0,226,1905.0,0,8,1905.0,-0.8719160104986876,316.5,0.0931396484375,0.0943603515625,0.087158203125,0.0819091796875,0.066650390625,0.0777587890625,0.0831298828125,0.0911865234375,0.0975341796875,0.118896484375,0.1082763671875
139264,759904.9308967085,226,6062.0,0,8,6062.0,-0.9597492576707358,756.75,0.08154296875,0.086669921875,0.0936279296875,0.0888671875,0.080078125,0.0679931640625,0.0916748046875,0.0882568359375,0.1025390625,0.126220703125,0.092529296875
147456,0.0,227,6062.0,0,8,6062.0,-0.9597492576707358,756.75,0.0814208984375,0.0819091796875,0.0965576171875,0.0880126953125,0.0662841796875,0.075927734375,0.0914306640625,0.0916748046875,0.1065673828125,0.1297607421875,0.0904541015625
155648,759897.8843152898,227,2496.0,0,8,2496.0,-0.9022435897435898,311.0,0.0804443359375,0.0882568359375,0.0924072265625,0.093017578125,0.0709228515625,0.072021484375,0.0919189453125,0.0810546875,0.107177734375,0.1256103515625,0.09716796875
163840,0.0,228,2496.0,0,8,2496.0,-0.9022435897435898,311.0,0.077392578125,0.0908203125,0.0875244140625,0.08837890625,0.06689453125,0.0771484375,0.1007080078125,0.086669921875,0.1070556640625,0.117919921875,0.0994873046875
172032,759941.8952839324,228,599.0,0,8,599.0,-0.5926544240400667,73.875,0.082275390625,0.0853271484375,0.090087890625,0.091796875,0.0716552734375,0.076416015625,0.0885009765625,0.0860595703125,0.09912109375,0.12744140625,0.101318359375
180224,0.0,229,599.0,0,8,599.0,-0.5926544240400667,73.875,0.0792236328125,0.08154296875,0.09326171875,0.0911865234375,0.0682373046875,0.068603515625,0.0960693359375,0.083984375,0.1025390625,0.1243896484375,0.1109619140625
188416,759939.2867114287,229,424.0,0,8,424.0,-0.4245283018867925,52.0,0.080322265625,0.083984375,0.0899658203125,0.0865478515625,0.063232421875,0.0704345703125,0.0975341796875,0.09130859375,0.09814453125,0.12841796875,0.110107421875
196608,0.0,228,424.0,0,8,424.0,-0.4245283018867925,52.0,0.0789794921875,0.0716552734375,0.0860595703125,0.0906982421875,0.0670166015625,0.07373046875,0.097412109375,0.0968017578125,0.0899658203125,0.12939453125,0.1182861328125
204800,759939.2149949548,228,3417.0,0,8,3417.0,-0.9285923324553702,426.125,0.0814208984375,0.073486328125,0.080810546875,0.0950927734375,0.0665283203125,0.070556640625,0.0902099609375,0.0958251953125,0.09716796875,0.1258544921875,0.123046875
212992,0.0,229,3417.0,0,8,3417.0,-0.9285923324553702,426.125,0.08056640625,0.0826416015625,0.084716796875,0.0899658203125,0.070068359375,0.0618896484375,0.087158203125,0.1031494140625,0.0894775390625,0.123291015625,0.1270751953125
221184,759931.6311449072,229,4806.0,0,8,4806.0,-0.9492301290054099,599.75,0.0865478515625,0.076416015625,0.080322265625,0.0780029296875,0.0782470703125,0.0665283203125,0.09130859375,0.1025390625,0.0875244140625,0.12353515625,0.1290283203125
229376,0.0,230,4806.0,0,8,4806.0,-0.9492301290054099,599.75,0.089111328125,0.0777587890625,0.0843505859375,0.0853271484375,0.07080078125,0.0682373046875,0.08837890625,0.1082763671875,0.0887451171875,0.12548828125,0.113525390625
237568,759906.7476217379,230,2715.0,0,8,2715.0,-0.9101289134438305,338.375,0.0919189453125,0.0767822265625,0.083984375,0.0802001953125,0.0718994140625,0.064453125,0.0885009765625,0.1004638671875,0.0914306640625,0.1356201171875,0.11474609375
245760,0.0,231,2715.0,0,8,2715.0,-0.9101289134438305,338.375,0.0902099609375,0.0771484375,0.072265625,0.084228515625,0.08154296875,0.0709228515625,0.091064453125,0.09228515625,0.094970703125,0.1318359375,0.113525390625
253952,759922.1102943736,231,10626.0,0,8,10626.0,-0.9770374552983248,1327.25,0.0814208984375,0.0848388671875,0.07373046875,0.080810546875,0.0712890625,0.06494140625,0.0885009765625,0.101806640625,0.0968017578125,0.126953125,0.12890625
262144,0.0,369,10626.0,0,9,10626.0,-0.9770374552983248,1327.25,0.086669921875,0.081298828125,0.08447265625,0.0797119140625,0.063720703125,0.064453125,0.0894775390625,0.1019287109375,0.1019287109375,0.1240234375,0.122314453125
270336,759921.8671040181,369,3664.0,0,9,3664.0,-0.9334061135371179,406.1111111111111,0.0816650390625,0.077880859375,0.083251953125,0.080810546875,0.073486328125,0.0665283203125,0.093505859375,0.1007080078125,0.10107421875,0.1214599609375,0.11962890625
278528,0.0,370,3664.0,0,10,3664.0,-0.9334061135371179,406.1111111111111,0.0831298828125,0.083740234375,0.08154296875,0.083984375,0.0728759765625,0.0771484375,0.09130859375,0.1019287109375,0.09130859375,0.1202392578125,0.11279296875
286720,759915.7229093369,370,933.0,0,10,933.0,-0.7384780278670954,92.3,0.0826416015625,0.0787353515625,0.0771484375,0.08544921875,0.075439453125,0.06982421875,0.0904541015625,0.101318359375,0.10205078125,0.122314453125,0.1146240234375
294912,0.0,371,933.0,0,10,933.0,-0.7384780278670954,92.3,0.08935546875,0.083984375,0.0771484375,0.085693359375,0.073486328125,0.0694580078125,0.090576171875,0.0938720703125,0.099853515625,0.1259765625,0.110595703125
303104,759953.7334506293,371,1173.0,0,10,1173.0,-0.7919863597612958,116.3,0.09521484375,0.075927734375,0.0775146484375,0.0858154296875,0.076171875,0.0675048828125,0.0875244140625,0.102294921875,0.09814453125,0.128173828125,0.105712890625
311296,0.0,372,1173.0,0,10,1173.0,-0.7919863597612958,116.3,0.0999755859375,0.0831298828125,0.0770263671875,0.0858154296875,0.06396484375,0.0638427734375,0.0916748046875,0.0999755859375,0.097412109375,0.130126953125,0.1070556640625
319488,759938.260822795,372,665.0,0,10,665.0,-0.6330827067669172,65.5,0.0994873046875,0.0850830078125,0.080322265625,0.0889892578125,0.0711669921875,0.0657958984375,0.085693359375,0.0966796875,0.097900390625,0.136962890625,0.0919189453125
327680,0.0,372,665.0,0,10,665.0,-0.6330827067669172,65.5,0.0908203125,0.0789794921875,0.0823974609375,0.0908203125,0.0711669921875,0.064697265625,0.080810546875,0.10107421875,0.1007080078125,0.137939453125,0.1005859375
335872,759936.7509691144,372,1688.0,0,10,1688.0,-0.8554502369668247,167.8,0.09716796875,0.0836181640625,0.088623046875,0.0885009765625,0.072265625,0.0682373046875,0.089599609375,0.088134765625,0.09423828125,0.1331787109375,0.096435546875
344064,0.0,373,1688.0,0,10,1688.0,-0.8554502369668247,167.8,0.0946044921875,0.0859375,0.08203125,0.0870361328125,0.0733642578125,0.068359375,0.0863037109375,0.0946044921875,0.09765625,0.1326904296875,0.097412109375
352256,759934.3927316096,373,2917.0,0,10,2917.0,-0.9163524168666438,290.7,0.0916748046875,0.087158203125,0.0836181640625,0.09033203125,0.0673828125,0.0775146484375,0.0875244140625,0.0941162109375,0.0870361328125,0.121826171875,0.11181640625
360448,0.0,374,2917.0,0,10,2917.0,-0.9163524168666438,290.7,0.0927734375,0.0836181640625,0.0750732421875,0.0943603515625,0.068115234375,0.0718994140625,0.085693359375,0.0877685546875,0.0965576171875,0.13037109375,0.11376953125
368640,759927.1416348779,374,3641.0,0,10,3641.0,-0.9329854435594617,363.1,0.09033203125,0.087890625,0.0692138671875,0.0887451171875,0.0732421875,0.0767822265625,0.0911865234375,0.0958251953125,0.0928955078125,0.12744140625,0.1064453125
376832,0.0,375,3641.0,0,10,3641.0,-0.9329854435594617,363.1,0.0902099609375,0.0933837890625,0.078369140625,0.085205078125,0.0753173828125,0.07470703125,0.09033203125,0.092041015625,0.091552734375,0.12744140625,0.1014404296875
385024,759948.1777873988,375,3800.0,0,10,3800.0,-0.9357894736842105,379.0,0.0841064453125,0.0946044921875,0.0784912109375,0.0877685546875,0.074462890625,0.075927734375,0.089599609375,0.08154296875,0.0928955078125,0.129638671875,0.1109619140625
393216,0.0,460,3800.0,0,12,3800.0,-0.9357894736842105,379.0,0.091796875,0.0982666015625,0.082275390625,0.0848388671875,0.0751953125,0.0740966796875,0.0955810546875,0.0880126953125,0.0897216796875,0.11328125,0.10693359375
401408,759915.4192199496,460,2703.0,0,12,2703.0,-0.9097299297077321,224.25,0.094482421875,0.095458984375,0.077392578125,0.08837890625,0.0703125,0.0804443359375,0.0960693359375,0.0775146484375,0.08935546875,0.1142578125,0.1163330078125
409600,0.0,461,2703.0,0,12,2703.0,-0.9097299297077321,224.25,0.0931396484375,0.1007080078125,0.0772705078125,0.087890625,0.0728759765625,0.08251953125,0.093017578125,0.0723876953125,0.087890625,0.114501953125,0.1177978515625
417792,759906.7745742009,461,1828.0,0,12,1828.0,-0.8665207877461707,151.33333333333334,0.091064453125,0.0848388671875,0.0811767578125,0.0946044921875,0.066650390625,0.07470703125,0.0972900390625,0.0762939453125,0.09521484375,0.1114501953125,0.126708984375
425984,0.0,462,1828.0,0,12,1828.0,-0.8665207877461707,151.33333333333334,0.0960693359375,0.0904541015625,0.08447265625,0.0816650390625,0.0687255859375,0.0809326171875,0.09765625,0.0848388671875,0.091552734375,0.11376953125,0.10986328125
434176,759914.7352317862,462,1161.0,0,12,1161.0,-0.7898363479758828,95.75,0.0965576171875,0.09326171875,0.0819091796875,0.08935546875,0.0728759765625,0.0755615234375,0.0980224609375,0.0797119140625,0.100830078125,0.1007080078125,0.1112060546875
442368,0.0,463,1161.0,0,12,1161.0,-0.7898363479758828,95.75,0.091796875,0.09814453125,0.0777587890625,0.0860595703125,0.0755615234375,0.08349609375,0.107421875,0.0811767578125,0.0875244140625,0.110107421875,0.1009521484375
450560,759911.2322054722,463,2540.0,0,12,2540.0,-0.9039370078740158,210.66666666666666,0.0911865234375,0.094970703125,0.08740234375,0.0810546875,0.0738525390625,0.08740234375,0.102294921875,0.0809326171875,0.0963134765625,0.097900390625,0.106689453125
458752,0.0,461,2540.0,0,12,2540.0,-0.9039370078740158,210.66666666666666,0.0858154296875,0.091796875,0.08203125,0.0828857421875,0.07666015625,0.078125,0.1075439453125,0.08837890625,0.0941162109375,0.1141357421875,0.0985107421875
466944,759893.417081726,461,293.0,0,12,293.0,-0.1672354948805461,23.416666666666668,0.0869140625,0.0938720703125,0.08203125,0.08740234375,0.0672607421875,0.0933837890625,0.1021728515625,0.083251953125,0.0921630859375,0.102783203125,0.1087646484375
475136,0.0,462,293.0,0,12,293.0,-0.1672354948805461,23.416666666666668,0.091552734375,0.0799560546875,0.09033203125,0.0899658203125,0.0712890625,0.0859375,0.1112060546875,0.0858154296875,0.0953369140625,0.101806640625,0.0968017578125
483328,759891.8347093478,462,444.0,0,12,444.0,-0.4504504504504504,36.0,0.1005859375,0.0684814453125,0.087890625,0.0867919921875,0.0745849609375,0.0869140625,0.10546875,0.08642578125,0.0880126953125,0.112548828125,0.102294921875
491520,0.0,463,444.0,0,12,444.0,-0.4504504504504504,36.0,0.0859375,0.0731201171875,0.085693359375,0.08203125,0.0731201171875,0.088134765625,0.1094970703125,0.0848388671875,0.0975341796875,0.1229248046875,0.09716796875
499712,759942.7254346993,463,3288.0,0,12,3288.0,-0.9257907542579075,273.0,0.0916748046875,0.07373046875,0.0960693359375,0.078125,0.068115234375,0.08740234375,0.1116943359375,0.0865478515625,0.09130859375,0.111572265625,0.103759765625
507904,0.0,464,3288.0,0,12,3288.0,-0.9257907542579075,273.0,0.0853271484375,0.0682373046875,0.098388671875,0.0762939453125,0.067138671875,0.0927734375,0.1292724609375,0.0845947265625,0.093017578125,0.11328125,0.0916748046875
516096,759910.672581878,464,2176.0,0,12,2176.0,-0.8878676470588235,180.33333333333334,0.083740234375,0.0782470703125,0.0992431640625,0.07275390625,0.068115234375,0.1025390625,0.1201171875,0.0833740234375,0.090087890625,0.1055908203125,0.09619140625
524288,0.0,661,2176.0,0,14,2176.0,-0.8878676470588235,180.33333333333334,0.0865478515625,0.07470703125,0.0975341796875,0.079833984375,0.066650390625,0.0909423828125,0.1260986328125,0.0858154296875,0.091064453125,0.1021728515625,0.0986328125
532480,759893.9378340717,661,1094.0,0,14,1094.0,-0.7769652650822669,77.14285714285714,0.0811767578125,0.07470703125,0.0869140625,0.08154296875,0.0745849609375,0.0899658203125,0.128173828125,0.0819091796875,0.087890625,0.1005859375,0.112548828125
540672,0.0,662,1094.0,0,14,1094.0,-0.7769652650822669,77.14285714285714,0.083251953125,0.068115234375,0.0933837890625,0.0767822265625,0.0743408203125,0.09033203125,0.1312255859375,0.08056640625,0.0894775390625,0.10009765625,0.1124267578125
548864,759895.2569160254,662,5863.0,0,14,5863.0,-0.9583830803342999,417.7857142857143,0.083984375,0.073486328125,0.0970458984375,0.078369140625,0.0758056640625,0.094970703125,0.1258544921875,0.081298828125,0.0869140625,0.10009765625,0.1021728515625
557056,0.0,663,5863.0,0,14,5863.0,-0.9583830803342999,417.7857142857143,0.084228515625,0.074951171875,0.1009521484375,0.0794677734375,0.073486328125,0.10400390625,0.118896484375,0.0755615234375,0.0838623046875,0.098388671875,0.106201171875
565248,759940.2525989775,663,7607.0,0,14,7607.0,-0.967924280268174,542.3571428571429,0.080078125,0.0687255859375,0.100341796875,0.08203125,0.0709228515625,0.1014404296875,0.1334228515625,0.07470703125,0.081298828125,0.1025390625,0.1044921875
573440,0.0,664,7607.0,0,14,7607.0,-0.967924280268174,542.3571428571429,0.085205078125,0.06982421875,0.0989990234375,0.0780029296875,0.074951171875,0.0958251953125,0.1278076171875,0.0732421875,0.0849609375,0.0985107421875,0.1126708984375
581632,759914.9714344487,664,774.0,0,14,774.0,-0.6847545219638242,54.285714285714285,0.0955810546875,0.0736083984375,0.105224609375,0.0750732421875,0.080810546875,0.0941162109375,0.1212158203125,0.0738525390625,0.0843505859375,0.0977783203125,0.098388671875
589824,0.0,663,774.0,0,14,774.0,-0.6847545219638242,54.285714285714285,0.0838623046875,0.078369140625,0.0980224609375,0.0782470703125,0.0714111328125,0.10400390625,0.1248779296875,0.0750732421875,0.0887451171875,0.0919189453125,0.10546875
598016,759944.4277530428,663,1633.0,0,14,1633.0,-0.8505817513778321,115.64285714285714,0.081298828125,0.077392578125,0.091064453125,0.0855712890625,0.0662841796875,0.102783203125,0.1358642578125,0.073974609375,0.0858154296875,0.0931396484375,0.1068115234375
606208,0.0,664,1633.0,0,14,1633.0,-0.8505817513778321,115.64285714285714,0.084228515625,0.0736083984375,0.1024169921875,0.0753173828125,0.0675048828125,0.1080322265625,0.1318359375,0.0791015625,0.080322265625,0.09814453125,0.0994873046875
614400,759924.3910074962,664,3021.0,0,14,3021.0,-0.919232042370076,214.78571428571428,0.0865478515625,0.077392578125,0.1063232421875,0.0860595703125,0.060302734375,0.10595703125,0.1253662109375,0.083251953125,0.0821533203125,0.0904541015625,0.09619140625
622592,0.0,665,3021.0,0,14,3021.0,-0.919232042370076,214.78571428571428,0.0816650390625,0.0810546875,0.114501953125,0.0838623046875,0.05908203125,0.1033935546875,0.127197265625,0.0751953125,0.0809326171875,0.0914306640625,0.1016845703125
630784,759945.3174115266,665,4254.0,0,14,4254.0,-0.9426422190879172,302.85714285714283,0.080078125,0.0797119140625,0.1121826171875,0.0823974609375,0.0565185546875,0.102783203125,0.1378173828125,0.078369140625,0.0787353515625,0.0892333984375,0.1021728515625
638976,0.0,666,4254.0,0,14,4254.0,-0.9426422190879172,302.85714285714283,0.0848388671875,0.080322265625,0.10400390625,0.079833984375,0.0545654296875,0.101318359375,0.1314697265625,0.0780029296875,0.0823974609375,0.0928955078125,0.1103515625
647168,759906.9284172662,666,4369.0,0,14,4369.0,-0.9441519798580911,311.07142857142856,0.0760498046875,0.08251953125,0.107421875,0.0716552734375,0.058349609375,0.12060546875,0.125,0.0806884765625,0.07763671875,0.0902099609375,0.10986328125
655360,0.0,766,4369.0,0,15,4369.0,-0.9441519798580911,311.07142857142856,0.088134765625,0.0802001953125,0.1063232421875,0.0623779296875,0.0594482421875,0.1083984375,0.1275634765625,0.07568359375,0.0869140625,0.09375,0.1112060546875
663552,759886.6073911545,766,18847.0,0,15,18847.0,-0.9870536424895209,1255.4666666666667,0.08251953125,0.079345703125,0.114501953125,0.0621337890625,0.0548095703125,0.1129150390625,0.1170654296875,0.0782470703125,0.0789794921875,0.105712890625,0.11376953125
671744,0.0,767,18847.0,0,15,18847.0,-0.9870536424895209,1255.4666666666667,0.0848388671875,0.0814208984375,0.1064453125,0.064453125,0.0579833984375,0.118896484375,0.111083984375,0.0823974609375,0.0811767578125,0.099365234375,0.1119384765625
679936,759937.9438348593,767,2927.0,0,15,2927.0,-0.9166381961052272,194.13333333333333,0.081298828125,0.080322265625,0.11083984375,0.069091796875,0.05810546875,0.119384765625,0.1116943359375,0.08056640625,0.0823974609375,0.0966796875,0.109619140625
688128,0.0,768,2927.0,0,15,2927.0,-0.9166381961052272,194.13333333333333,0.080078125,0.0755615234375,0.09765625,0.063232421875,0.0555419921875,0.1263427734375,0.1171875,0.086181640625,0.0780029296875,0.1072998046875,0.1129150390625
696320,759924.0271701068,768,3383.0,0,15,3383.0,-0.9278746674549216,224.53333333333333,0.079345703125,0.080078125,0.0994873046875,0.0614013671875,0.0518798828125,0.1278076171875,0.1124267578125,0.0849609375,0.0780029296875,0.10107421875,0.12353515625
704512,0.0,769,3383.0,0,15,3383.0,-0.9278746674549216,224.53333333333333,0.0748291015625,0.0809326171875,0.0950927734375,0.0628662109375,0.05126953125,0.13427734375,0.126220703125,0.0721435546875,0.0740966796875,0.110595703125,0.11767578125
712704,759913.2993311584,769,7660.0,0,15,7660.0,-0.9681462140992166,509.6666666666667,0.0697021484375,0.083251953125,0.0966796875,0.060546875,0.0477294921875,0.137451171875,0.1204833984375,0.07666015625,0.075927734375,0.1162109375,0.1153564453125
720896,0.0,774,7660.0,0,16,7660.0,-0.9681462140992166,509.6666666666667,0.074951171875,0.075927734375,0.0943603515625,0.0599365234375,0.0518798828125,0.1419677734375,0.123046875,0.0733642578125,0.076171875,0.1123046875,0.1160888671875
729088,759851.0145361709,774,17982.0,0,16,17982.0,-0.9864308753197641,1122.875,0.069580078125,0.084716796875,0.0958251953125,0.0616455078125,0.048828125,0.150390625,0.11767578125,0.0672607421875,0.072998046875,0.1109619140625,0.1201171875
737280,0.0,775,17982.0,0,16,17982.0,-0.9864308753197641,1122.875,0.0679931640625,0.0791015625,0.106201171875,0.05859375,0.04736328125,0.156005859375,0.1246337890625,0.0643310546875,0.077880859375,0.10693359375,0.1109619140625
745472,759965.5671892049,775,1150.0,0,16,1150.0,-0.7878260869565218,70.875,0.0614013671875,0.079833984375,0.1055908203125,0.064208984375,0.05078125,0.149658203125,0.1240234375,0.06591796875,0.0704345703125,0.1199951171875,0.108154296875
753664,0.0,776,1150.0,0,16,1150.0,-0.7878260869565218,70.875,0.0699462890625,0.0823974609375,0.09619140625,0.065673828125,0.046875,0.148193359375,0.125732421875,0.0682373046875,0.0733642578125,0.1141357421875,0.1092529296875
761856,759884.4319780744,776,6129.0,0,16,6129.0,-0.9601892641540218,382.0625,0.073486328125,0.080322265625,0.1141357421875,0.0623779296875,0.0450439453125,0.15283203125,0.1326904296875,0.06494140625,0.067138671875,0.0987548828125,0.1082763671875
770048,0.0,777,6129.0,0,16,6129.0,-0.9601892641540218,382.0625,0.0738525390625,0.08154296875,0.0999755859375,0.060302734375,0.04052734375,0.1580810546875,0.150390625,0.0638427734375,0.0693359375,0.0946044921875,0.1075439453125
778240,759895.6087619793,777,10110.0,0,16,10110.0,-0.9758654797230465,630.875,0.0728759765625,0.0855712890625,0.1024169921875,0.0596923828125,0.0435791015625,0.150390625,0.1463623046875,0.06787109375,0.0723876953125,0.083984375,0.1148681640625
786432,0.0,958,10110.0,0,17,10110.0,-0.9758654797230465,630.875,0.081298828125,0.0760498046875,0.106689453125,0.0618896484375,0.045654296875,0.1441650390625,0.150390625,0.0709228515625,0.0684814453125,0.08251953125,0.1119384765625
794624,759886.8671134084,958,12895.0,0,17,12895.0,-0.9810779371849553,757.5294117647059,0.075439453125,0.077392578125,0.1153564453125,0.0655517578125,0.0423583984375,0.1451416015625,0.142333984375,0.068115234375,0.0711669921875,0.087890625,0.1092529296875
802816,0.0,959,12895.0,0,17,12895.0,-0.9810779371849553,757.5294117647059,0.08056640625,0.0758056640625,0.1033935546875,0.053466796875,0.0435791015625,0.14404296875,0.1429443359375,0.0675048828125,0.0816650390625,0.091064453125,0.115966796875
811008,759920.479516632,959,1338.0,0,17,1338.0,-0.8176382660687593,77.70588235294117,0.0743408203125,0.0711669921875,0.100830078125,0.064697265625,0.044677734375,0.154541015625,0.1304931640625,0.07177734375,0.074951171875,0.0936279296875,0.118896484375
819200,0.0,960,1338.0,0,17,1338.0,-0.8176382660687593,77.70588235294117,0.078369140625,0.0775146484375,0.0928955078125,0.0706787109375,0.0447998046875,0.1634521484375,0.1265869140625,0.0692138671875,0.068603515625,0.0938720703125,0.114013671875
827392,759841.7162154091,960,342.0,0,17,342.0,-0.28654970760233917,19.11764705882353,0.076904296875,0.068115234375,0.0975341796875,0.0662841796875,0.041259765625,0.15966796875,0.136474609375,0.0718994140625,0.0670166015625,0.0902099609375,0.1246337890625
835584,0.0,961,342.0,0,17,342.0,-0.28654970760233917,19.11764705882353,0.073974609375,0.07666015625,0.0963134765625,0.0712890625,0.043212890625,0.160888671875,0.13916015625,0.0701904296875,0.0718994140625,0.08544921875,0.1109619140625
843776,759927.2761476648,961,2993.0,0,17,2993.0,-0.9184764450384231,175.05882352941177,0.0836181640625,0.0728759765625,0.096435546875,0.0587158203125,0.04541015625,0.1588134765625,0.141845703125,0.066162109375,0.0697021484375,0.077392578125,0.1290283203125
851968,0.0,965,2993.0,0,18,2993.0,-0.9184764450384231,175.05882352941177,0.0838623046875,0.072265625,0.1064453125,0.0616455078125,0.0396728515625,0.146728515625,0.1453857421875,0.0689697265625,0.07275390625,0.083984375,0.1182861328125
860160,759865.5834157111,965,240.0,0,18,240.0,0.01666666666666665,12.333333333333334,0.086669921875,0.07958984375,0.1011962890625,0.059326171875,0.0400390625,0.1414794921875,0.1356201171875,0.067626953125,0.0689697265625,0.0819091796875,0.1375732421875
868352,0.0,966,240.0,0,18,240.0,0.01666666666666665,12.333333333333334,0.0872802734375,0.077392578125,0.116455078125,0.0570068359375,0.043701171875,0.151611328125,0.12744140625,0.0718994140625,0.070556640625,0.0777587890625,0.118896484375
876544,759956.4744928647,966,11100.0,0,18,11100.0,-0.9783783783783784,615.6666666666666,0.0946044921875,0.08935546875,0.1180419921875,0.0540771484375,0.041259765625,0.1373291015625,0.1243896484375,0.07275390625,0.0728759765625,0.0814208984375,0.1138916015625
884736,0.0,967,11100.0,0,18,11100.0,-0.9783783783783784,615.6666666666666,0.092529296875,0.092529296875,0.1173095703125,0.049072265625,0.037353515625,0.1414794921875,0.132080078125,0.07568359375,0.0689697265625,0.076904296875,0.1160888671875
892928,759905.2066950334,967,10431.0,0,18,10431.0,-0.9769916594765603,578.5,0.0838623046875,0.1004638671875,0.123291015625,0.0577392578125,0.046630859375,0.132080078125,0.1217041015625,0.0692138671875,0.0694580078125,0.083740234375,0.11181640625
901120,0.0,968,10431.0,0,18,10431.0,-0.9769916594765603,578.5,0.0850830078125,0.09228515625,0.125,0.052734375,0.0460205078125,0.13623046875,0.12255859375,0.0777587890625,0.0718994140625,0.0870361328125,0.1033935546875
909312,759868.8113503795,968,1378.0,0,18,1378.0,-0.8258345428156748,75.55555555555556,0.0845947265625,0.0966796875,0.1326904296875,0.050537109375,0.0440673828125,0.13623046875,0.1383056640625,0.0677490234375,0.0684814453125,0.0814208984375,0.0992431640625
917504,0.0,1098,1378.0,0,19,1378.0,-0.8258345428156748,75.55555555555556,0.08935546875,0.103271484375,0.1204833984375,0.0570068359375,0.0408935546875,0.1234130859375,0.150390625,0.07177734375,0.0692138671875,0.0799560546875,0.09423828125
925696,759900.6425263801,1098,1378.0,0,19,1378.0,-0.8258345428156748,75.55555555555556,0.092041015625,0.10498046875,0.1185302734375,0.0555419921875,0.043701171875,0.1427001953125,0.1463623046875,0.0672607421875,0.0718994140625,0.0689697265625,0.0880126953125
933888,741090.6437077487,1099,8469.0,0,19,8469.0,-0.9716613531703862,444.7368421052632,0.0965576171875,0.0958251953125,0.1207275390625,0.0599365234375,0.0445556640625,0.14453125,0.1343994140625,0.0677490234375,0.0650634765625,0.07958984375,0.091064453125
942080,1493659.6229835355,1099,8469.0,0,19,8469.0,-0.9716613531703862,444.7368421052632,0.09521484375,0.0946044921875,0.125244140625,0.069580078125,0.040283203125,0.1453857421875,0.1304931640625,0.0609130859375,0.0740966796875,0.0753173828125,0.0888671875
950272,741123.1740693108,1100,3320.0,0,19,3320.0,-0.927710843373494,173.73684210526315,0.109375,0.0977783203125,0.121337890625,0.05712890625,0.0423583984375,0.1322021484375,0.1424560546875,0.0682373046875,0.0718994140625,0.0704345703125,0.0867919921875
958464,1493719.3567156328,1100,3320.0,0,19,3320.0,-0.927710843373494,173.73684210526315,0.1077880859375,0.098388671875,0.131591796875,0.0609130859375,0.039794921875,0.122802734375,0.1324462890625,0.0709228515625,0.072021484375,0.07080078125,0.092529296875
966656,741094.2528277534,1101,3320.0,0,19,3320.0,-0.927710843373494,173.73684210526315,0.1087646484375,0.1043701171875,0.1234130859375,0.0638427734375,0.0357666015625,0.12109375,0.1361083984375,0.0643310546875,0.0745849609375,0.0733642578125,0.0943603515625
974848,740947.9161282505,1107,17851.0,0,20,17851.0,-0.9865553750490168,891.55,0.106689453125,0.1107177734375,0.12255859375,0.0546875,0.040771484375,0.12451171875,0.14599609375,0.0694580078125,0.0682373046875,0.070068359375,0.0863037109375
983040,1493468.0502662612,1107,17851.0,0,20,17851.0,-0.9865553750490168,891.55,0.10302734375,0.109375,0.1265869140625,0.0572509765625,0.034423828125,0.1258544921875,0.146728515625,0.062255859375,0.07568359375,0.0660400390625,0.0927734375
991232,741014.5684774638,1108,17048.0,0,20,17048.0,-0.9859221022993899,851.4,0.1082763671875,0.1165771484375,0.129150390625,0.063232421875,0.0384521484375,0.1236572265625,0.1380615234375,0.063232421875,0.07275390625,0.06005859375,0.0865478515625
999424,1493590.026004227,1108,17048.0,0,20,17048.0,-0.9859221022993899,851.4,0.1011962890625,0.120361328125,0.1268310546875,0.0623779296875,0.0361328125,0.1279296875,0.13623046875,0.0614013671875,0.0711669921875,0.06396484375,0.0924072265625
1007616,741049.9917644983,1109,2647.0,0,20,2647.0,-0.9093313184737438,131.35,0.10302734375,0.11865234375,0.1260986328125,0.0592041015625,0.0340576171875,0.13134765625,0.1485595703125,0.06396484375,0.064697265625,0.0660400390625,0.0843505859375
